443.600572 1.68457
443.601325 1.68457
443.60192 1.68457
443.602526 1.68457
443.603143 1.68457
443.60374 1.68457
443.604319 1.68457
443.604999 1.68457
443.605581 1.68457
443.606207 1.68457
443.606794 1.68457
443.607376 1.68457
443.607967 1.68457
443.60855 1.68457
443.609164 1.68457
443.609765 1.68457
443.61055 1.6748
443.61139 1.6748
443.612143 1.6748
443.612761 1.6748
443.613346 1.6748
443.613908 1.6748
443.614486 1.6748
443.615094 1.6748
443.615673 1.6748
443.616282 1.6748
443.616841 1.6748
443.617486 1.6748
443.618113 1.6748
443.618755 1.6748
443.619339 1.6748
443.619899 1.6748
443.620463 1.6748
443.621233 1.6748
443.62195 1.6748
443.622671 1.6748
443.623302 1.6748
443.62387 1.6748
443.62445 1.6748
443.62506 1.6748
443.62563 1.6748
443.626261 1.6748
443.626838 1.6748
443.627468 1.6748
443.628085 1.6748
443.628668 1.6748
443.629277 1.6748
443.62985 1.6748
443.630497 1.6748
443.631372 1.68457
443.631848 1.68457
443.632289 1.68457
443.632748 1.68457
443.633173 1.68457
443.633583 1.68457
443.634021 1.68457
443.634434 1.68457
443.634841 1.68457
443.635263 1.68457
443.635669 1.68457
443.636117 1.68457
443.63653 1.68457
443.636966 1.68457
443.637385 1.68457
443.637799 1.68457
443.638214 1.68457
443.638626 1.68457
443.639071 1.68457
443.639478 1.68457
443.639989 1.68457
443.640414 1.68457
443.640825 1.68457
443.641246 1.68457
443.641743 1.68457
443.642184 1.68457
443.642602 1.68457
443.643049 1.68457
443.643476 1.68457
443.643891 1.68457
443.644312 1.68457
443.644741 1.68457
443.645161 1.68457
443.645571 1.68457
443.646012 1.68457
443.646425 1.68457
443.646831 1.68457
443.647249 1.68457
443.647651 1.68457
443.648092 1.68457
443.648503 1.68457
443.64902 1.68457
443.649449 1.68457
443.649858 1.68457
443.650273 1.68457
443.650684 1.68457
443.651122 1.68457
443.651532 1.68457
443.652146 1.7041
443.652591 1.7041
443.65304 1.7041
443.653462 1.7041
443.653924 1.7041
443.654404 1.7041
443.654837 1.7041
443.655259 1.7041
443.655666 1.7041
443.656215 1.7041
443.656738 1.7041
443.65725 1.7041
443.657754 1.7041
443.658262 1.7041
443.658847 1.7041
443.659359 1.7041
443.65986 1.7041
443.660367 1.7041
443.660867 1.7041
443.66137 1.7041
443.661863 1.7041
443.662365 1.7041
443.662954 1.7041
443.663482 1.7041
443.664023 1.7041
443.664558 1.7041
443.665095 1.7041
443.66561 1.7041
443.666147 1.7041
443.666662 1.7041
443.667202 1.7041
443.667723 1.7041
443.668231 1.7041
443.668741 1.7041
443.669246 1.7041
443.66981 1.7041
443.670319 1.7041
443.670812 1.7041
443.67131 1.7041
443.671804 1.7041
443.672301 1.7041
443.672962 1.7041
443.673511 1.7041
443.674065 1.7041
443.674591 1.7041
443.675137 1.7041
443.675641 1.7041
443.676179 1.7041
443.676672 1.7041
443.677201 1.7041
443.677721 1.7041
443.678236 1.7041
443.67874 1.7041
443.679245 1.7041
443.679739 1.7041
443.680243 1.7041
443.680812 1.7041
443.681321 1.7041
443.681817 1.7041
443.682323 1.7041
443.682984 1.67969
443.68354 1.67969
443.684093 1.67969
443.684613 1.67969
443.685151 1.67969
443.685677 1.67969
443.686234 1.67969
443.686739 1.67969
443.687243 1.67969
443.687744 1.67969
443.688241 1.67969
443.688751 1.67969
443.68925 1.67969
443.689752 1.67969
443.690263 1.67969
443.690769 1.67969
443.691333 1.67969
443.691852 1.67969
443.692365 1.67969
443.692872 1.67969
443.693453 1.67969
443.694007 1.67969
443.694525 1.67969
443.695075 1.67969
443.695592 1.67969
443.696137 1.67969
443.696651 1.67969
443.697188 1.67969
443.697684 1.67969
443.698222 1.67969
443.698743 1.67969
443.699252 1.67969
443.699755 1.67969
443.700259 1.67969
443.700758 1.67969
443.701266 1.67969
443.701767 1.67969
443.70233 1.67969
443.702845 1.67969
443.703501 1.6748
443.704093 1.6748
443.704615 1.6748
443.705149 1.6748
443.705659 1.6748
443.706201 1.6748
443.706743 1.6748
443.707264 1.6748
443.70777 1.6748
443.708281 1.6748
443.708793 1.6748
443.709309 1.6748
443.709823 1.6748
443.710341 1.6748
443.710881 1.6748
443.711514 1.6748
443.712079 1.6748
443.712606 1.6748
443.713174 1.6748
443.713802 1.6748
443.714382 1.6748
443.714902 1.6748
443.71543 1.6748
443.71597 1.6748
443.716491 1.6748
443.717057 1.6748
443.717594 1.6748
443.718143 1.6748
443.718659 1.6748
443.719224 1.6748
443.719763 1.6748
443.720286 1.6748
443.720796 1.6748
443.721315 1.6748
443.72182 1.6748
443.722335 1.6748
443.722852 1.6748
443.723383 1.6748
443.72391 1.6748
443.724642 1.68945
443.725239 1.68945
443.725778 1.68945
443.726304 1.68945
443.726818 1.68945
443.727328 1.68945
443.727855 1.68945
443.728388 1.68945
443.728896 1.68945
443.729413 1.68945
443.729949 1.68945
443.730489 1.68945
443.731027 1.68945
443.731567 1.68945
443.732117 1.68945
443.732645 1.68945
443.733209 1.68945
443.733788 1.68945
443.734318 1.68945
443.735056 1.68945
443.7356 1.68945
443.736152 1.68945
443.736762 1.68945
443.737298 1.68945
443.737849 1.68945
443.738424 1.68945
443.739007 1.68945
443.739563 1.68945
443.740118 1.68945
443.74064 1.68945
443.741183 1.68945
443.741714 1.68945
443.742244 1.68945
443.742763 1.68945
443.743279 1.68945
443.743795 1.68945
443.744308 1.68945
443.744985 1.69922
443.745566 1.69922
443.746119 1.69922
443.746636 1.69922
443.747188 1.69922
443.747768 1.69922
443.748312 1.69922
443.748855 1.69922
443.749419 1.69922
443.749971 1.69922
443.750496 1.69922
443.751041 1.69922
443.751555 1.69922
443.752099 1.69922
443.752623 1.69922
443.753173 1.69922
443.75371 1.69922
443.754239 1.69922
443.754767 1.69922
443.755421 1.69922
443.756094 1.69922
443.756632 1.69922
443.757184 1.69922
443.757727 1.69922
443.758261 1.69922
443.758778 1.69922
443.759369 1.69922
443.759916 1.69922
443.76044 1.69922
443.760985 1.69922
443.761507 1.69922
443.762048 1.69922
443.762458 1.69922
443.762881 1.69922
443.763316 1.69922
443.763755 1.69922
443.764173 1.69922
443.764594 1.69922
443.765044 1.69922
443.765481 1.69922
443.766124 1.69434
443.766574 1.69434
443.767028 1.69434
443.767452 1.69434
443.767873 1.69434
443.768312 1.69434
443.768756 1.69434
443.769265 1.69434
443.769685 1.69434
443.770272 1.69434
443.770952 1.69434
443.77154 1.69434
443.773412 1.69434
443.774026 1.69434
443.774524 1.69434
443.775083 1.69434
443.77561 1.69434
443.776186 1.69434
443.776817 1.69434
443.777483 1.69434
443.778358 1.69434
443.779289 1.68945
443.779951 1.68945
443.780645 1.68945
443.781385 1.68945
443.782108 1.68945
443.782815 1.68945
443.783523 1.68945
443.784385 1.68945
443.785093 1.68945
443.785796 1.68945
443.786392 1.68945
443.787011 1.68945
443.787587 1.68945
443.788212 1.68945
443.78879 1.68945
443.789533 1.68945
443.790164 1.68945
443.790767 1.68945
443.791331 1.68945
443.791891 1.68945
443.792522 1.68945
443.793157 1.68945
443.793626 1.68945
443.794186 1.68945
443.795112 1.68945
443.795849 1.68945
443.796498 1.68945
443.797168 1.68945
443.797842 1.68945
443.798345 1.68945
443.7988 1.68945
443.799251 1.68945
443.799741 1.68945
443.800584 1.68457
443.801075 1.68457
443.801526 1.68457
443.801996 1.68457
443.802444 1.68457
443.802884 1.68457
443.803343 1.68457
443.803903 1.68457
443.804378 1.68457
443.804825 1.68457
443.805281 1.68457
443.805737 1.68457
443.806181 1.68457
443.806614 1.68457
443.807086 1.68457
443.807516 1.68457
443.808062 1.68457
443.80851 1.68457
443.808972 1.68457
443.809411 1.68457
443.809832 1.68457
443.810262 1.68457
443.810888 1.68457
443.811343 1.68457
443.811773 1.68457
443.812197 1.68457
443.812615 1.68457
443.813078 1.68457
443.813502 1.68457
443.813925 1.68457
443.814379 1.68457
443.814822 1.68457
443.815284 1.68457
443.815736 1.68457
443.816172 1.68457
443.816591 1.68457
443.817041 1.68457
443.817544 1.68457
443.818021 1.68457
443.818563 1.68457
443.819062 1.68457
443.819511 1.68457
443.819972 1.68457
443.820415 1.68457
443.820931 1.68457
443.821602 1.68945
443.822111 1.68945
443.822563 1.68945
443.823027 1.68945
443.823456 1.68945
443.823879 1.68945
443.824304 1.68945
443.824744 1.68945
443.825182 1.68945
443.825602 1.68945
443.826085 1.68945
443.826637 1.68945
443.827142 1.68945
443.827623 1.68945
443.82811 1.68945
443.828665 1.68945
443.829197 1.68945
443.829634 1.68945
443.830103 1.68945
443.830577 1.68945
443.831274 1.68945
443.832147 1.68457
443.832753 1.68457
443.833267 1.68457
443.83376 1.68457
443.834243 1.68457
443.834751 1.68457
443.835418 1.68457
443.835915 1.68457
443.836417 1.68457
443.836886 1.68457
443.837363 1.68457
443.837816 1.68457
443.838262 1.68457
443.838851 1.68457
443.839364 1.68457
443.839857 1.68457
443.840353 1.68457
443.840836 1.68457
443.841329 1.68457
443.841805 1.68457
443.842443 1.68457
443.843014 1.68457
443.843529 1.68457
443.844073 1.68457
443.844627 1.68457
443.845305 1.68457
443.846045 1.68457
443.8468 1.68457
443.847408 1.68457
443.847911 1.68457
443.848374 1.68457
443.848805 1.68457
443.849241 1.68457
443.849661 1.68457
443.850227 1.68457
443.850658 1.68457
443.851157 1.68457
443.851643 1.68457
443.852218 1.68457
443.852829 1.68457
443.853309 1.68457
443.853763 1.68457
443.854193 1.68457
443.854616 1.68457
443.85509 1.68457
443.855521 1.68457
443.856006 1.68457
443.856601 1.68457
443.857164 1.68457
443.857638 1.68457
443.858157 1.68457
443.858612 1.68457
443.859093 1.68457
443.859525 1.68457
443.860005 1.68457
443.860521 1.68457
443.860982 1.68457
443.861406 1.68457
443.861815 1.68457
443.862235 1.68457
443.862641 1.68457
443.863203 1.68457
443.863637 1.68457
443.864097 1.68457
443.864512 1.68457
443.86492 1.68457
443.865342 1.68457
443.865757 1.68457
443.866171 1.68457
443.866577 1.68457
443.867019 1.68457
443.867431 1.68457
443.86786 1.68457
443.868368 1.68457
443.868764 1.68457
443.869189 1.68457
443.869597 1.68457
443.870034 1.68457
443.870448 1.68457
443.870855 1.68457
443.871267 1.68457
443.871671 1.68457
443.872123 1.68457
443.87254 1.68457
443.872982 1.68457
443.873586 1.7041
443.87405 1.7041
443.874471 1.7041
443.874876 1.7041
443.87529 1.7041
443.875716 1.7041
443.876125 1.7041
443.876591 1.7041
443.877028 1.7041
443.87744 1.7041
443.877845 1.7041
443.87826 1.7041
443.878665 1.7041
443.879104 1.7041
443.879518 1.7041
443.879917 1.7041
443.880335 1.7041
443.880741 1.7041
443.881149 1.7041
443.881554 1.7041
443.881989 1.7041
443.882404 1.7041
443.882807 1.7041
443.883273 1.7041
443.883728 1.7041
443.88419 1.7041
443.88461 1.7041
443.885043 1.7041
443.885457 1.7041
443.885861 1.7041
443.886275 1.7041
443.88668 1.7041
443.887116 1.7041
443.887525 1.7041
443.888024 1.7041
443.88846 1.7041
443.888887 1.7041
443.889323 1.7041
443.889757 1.7041
443.890181 1.7041
443.890588 1.7041
443.891023 1.7041
443.891435 1.7041
443.891906 1.7041
443.892324 1.7041
443.892753 1.7041
443.893174 1.7041
443.893581 1.7041
443.894067 1.7041
443.894742 1.69434
443.895179 1.69434
443.895593 1.69434
443.896026 1.69434
443.896439 1.69434
443.896848 1.69434
443.897261 1.69434
443.897666 1.69434
443.898106 1.69434
443.898519 1.69434
443.898956 1.69434
443.899379 1.69434
443.899787 1.69434
443.900267 1.69434
443.900724 1.69434
443.901147 1.69434
443.90158 1.69434
443.902089 1.69434
443.902518 1.69434
443.902957 1.69434
443.903378 1.69434
443.903794 1.69434
443.904204 1.69434
443.904717 1.69434
443.905164 1.69434
443.905579 1.69434
443.906021 1.69434
443.906431 1.69434
443.90684 1.69434
443.907262 1.69434
443.907666 1.69434
443.908106 1.69434
443.908591 1.69434
443.909057 1.69434
443.909495 1.69434
443.909905 1.69434
443.910328 1.69434
443.910748 1.69434
443.91118 1.69434
443.911591 1.69434
443.91203 1.69434
443.912446 1.69434
443.912854 1.69434
443.91327 1.69434
443.913673 1.69434
443.914113 1.69434
443.914522 1.69434
443.915059 1.68457
443.915578 1.68457
443.916055 1.68457
443.916479 1.68457
443.916888 1.68457
443.917305 1.68457
443.917738 1.68457
443.918173 1.68457
443.9186 1.68457
443.919046 1.68457
443.919473 1.68457
443.919884 1.68457
443.920302 1.68457
443.920732 1.68457
443.921158 1.68457
443.921576 1.68457
443.922029 1.68457
443.922454 1.68457
443.922872 1.68457
443.923304 1.68457
443.923773 1.68457
443.9242 1.68457
443.924614 1.68457
443.925099 1.68457
443.925764 1.68457
443.926198 1.68457
443.92661 1.68457
443.927052 1.68457
443.927466 1.68457
443.927879 1.68457
443.9283 1.68457
443.928765 1.68457
443.929193 1.68457
443.929602 1.68457
443.930044 1.68457
443.930474 1.68457
443.930882 1.68457
443.931296 1.68457
443.931732 1.68457
443.932159 1.68457
443.932569 1.68457
443.933007 1.68457
443.933419 1.68457
443.933829 1.68457
443.934246 1.68457
443.934651 1.68457
443.935092 1.68457
443.935497 1.68457
443.936063 1.68457
443.936507 1.68457
443.936921 1.68457
443.93734 1.68457
443.937755 1.68457
443.938169 1.68457
443.938574 1.68457
443.939015 1.68457
443.939425 1.68457
443.939831 1.68457
443.940247 1.68457
443.940655 1.68457
443.941097 1.68457
443.941501 1.68457
443.941907 1.68457
443.942394 1.68457
443.942816 1.68457
443.943233 1.68457
443.94364 1.68457
443.944081 1.68457
443.94449 1.68457
443.9449 1.68457
443.945326 1.68457
443.945751 1.68457
443.946356 1.68457
443.946768 1.68457
443.947192 1.68457
443.947599 1.68457
443.948085 1.68457
443.94851 1.68457
443.948917 1.68457
443.949337 1.68457
443.949748 1.68457
443.950223 1.68457
443.950631 1.68457
443.951067 1.68457
443.951473 1.68457
443.951876 1.68457
443.952291 1.68457
443.952723 1.68457
443.953154 1.68457
443.953577 1.68457
443.954018 1.68457
443.954429 1.68457
443.954831 1.68457
443.955248 1.68457
443.955649 1.68457
443.956084 1.68457
443.956566 1.68457
443.957121 1.68457
443.957557 1.68457
443.958044 1.68457
443.958464 1.68457
443.95887 1.68457
443.959292 1.68457
443.95972 1.68457
443.960136 1.68457
443.960542 1.68457
443.960981 1.68457
443.961399 1.68457
443.961819 1.68457
443.962262 1.68457
443.962669 1.68457
443.963108 1.68457
443.963661 1.68457
443.964115 1.68457
443.964584 1.68457
443.965018 1.68457
443.965434 1.68457
443.965862 1.68457
443.966295 1.68457
443.966879 1.68457
443.967513 1.69434
443.967959 1.69434
443.968381 1.69434
443.968791 1.69434
443.969199 1.69434
443.969604 1.69434
443.97004 1.69434
443.970521 1.69434
443.97097 1.69434
443.971384 1.69434
443.971792 1.69434
443.972205 1.69434
443.972611 1.69434
443.973042 1.69434
443.973455 1.69434
443.973862 1.69434
443.974286 1.69434
443.974731 1.69434
443.975149 1.69434
443.975555 1.69434
443.975995 1.69434
443.976406 1.69434
443.976811 1.69434
443.977229 1.69434
443.977818 1.69434
443.978296 1.69434
443.978738 1.69434
443.979163 1.69434
443.979573 1.69434
443.980013 1.69434
443.980422 1.69434
443.98083 1.69434
443.981251 1.69434
443.981658 1.69434
443.982096 1.69434
443.982501 1.69434
443.982924 1.69434
443.983359 1.69434
443.983768 1.69434
443.984182 1.69434
443.984591 1.69434
443.985036 1.69434
443.985528 1.69434
443.985998 1.69434
443.986419 1.69434
443.986851 1.69434
443.987284 1.69434
443.987864 1.68457
443.988339 1.68457
443.988762 1.68457
443.98918 1.68457
443.989588 1.68457
443.990032 1.68457
443.990448 1.68457
443.990859 1.68457
443.991278 1.68457
443.991684 1.68457
443.992122 1.68457
443.992532 1.68457
443.99297 1.68457
443.993383 1.68457
443.99385 1.68457
443.994279 1.68457
443.99471 1.68457
443.99513 1.68457
443.995543 1.68457
443.995997 1.68457
443.996416 1.68457
443.996822 1.68457
443.997237 1.68457
443.997649 1.68457
443.998119 1.68457
443.998556 1.68457
443.998997 1.68457
443.999415 1.68457
443.999823 1.68457
444.000299 1.68457
444.000732 1.68457
444.001148 1.68457
444.001553 1.68457
444.001993 1.68457
444.002414 1.68457
444.002836 1.68457
444.003385 1.68457
444.003894 1.68457
444.004405 1.68457
444.004902 1.68457
444.005415 1.68457
444.005944 1.68457
444.006508 1.68457
444.007042 1.68457
444.007548 1.68457
444.008327 1.68457
444.008898 1.68457
444.009425 1.68457
444.009962 1.68457
444.010481 1.68457
444.011006 1.68457
444.011521 1.68457
444.012061 1.68457
444.012573 1.68457
444.013106 1.68457
444.013616 1.68457
444.014148 1.68457
444.014649 1.68457
444.015182 1.68457
444.015681 1.68457
444.016212 1.68457
444.016748 1.68457
444.017275 1.68457
444.017852 1.68457
444.018381 1.68457
444.018975 1.68457
444.019524 1.68457
444.020098 1.68457
444.020638 1.68457
444.021183 1.68457
444.02174 1.68457
444.022295 1.68457
444.022834 1.68457
444.023372 1.68457
444.023913 1.68457
444.024531 1.68457
444.025155 1.68457
444.025754 1.68457
444.026336 1.68457
444.026902 1.68457
444.027469 1.68457
444.02809 1.68457
444.02872 1.68457
444.029584 1.69434
444.030194 1.69434
444.030734 1.69434
444.031263 1.69434
444.031769 1.69434
444.032282 1.69434
444.032807 1.69434
444.033326 1.69434
444.033843 1.69434
444.034348 1.69434
444.034854 1.69434
444.035359 1.69434
444.035866 1.69434
444.036374 1.69434
444.036876 1.69434
444.037393 1.69434
444.03789 1.69434
444.038556 1.69434
444.039188 1.69434
444.039828 1.69434
444.040515 1.69434
444.041143 1.69434
444.041665 1.69434
444.042205 1.69434
444.042735 1.69434
444.043284 1.69434
444.043835 1.69434
444.044414 1.69434
444.044984 1.69434
444.045519 1.69434
444.046079 1.69434
444.046615 1.69434
444.047175 1.69434
444.04772 1.69434
444.048249 1.69434
444.04881 1.69434
444.049396 1.69434
444.050296 1.68945
444.050876 1.68945
444.051423 1.68945
444.051993 1.68945
444.052521 1.68945
444.053156 1.68945
444.05378 1.68945
444.054401 1.68945
444.054946 1.68945
444.055496 1.68945
444.056063 1.68945
444.056599 1.68945
444.057175 1.68945
444.057752 1.68945
444.058302 1.68945
444.058822 1.68945
444.059351 1.68945
444.05993 1.68945
444.060549 1.68945
444.061126 1.68945
444.061681 1.68945
444.062251 1.68945
444.06279 1.68945
444.063336 1.68945
444.063969 1.68945
444.064546 1.68945
444.06521 1.68945
444.065847 1.68945
444.066364 1.68945
444.06687 1.68945
444.067344 1.68945
444.06779 1.68945
444.068241 1.68945
444.068685 1.68945
444.069153 1.68945
444.069569 1.68945
444.070026 1.68945
444.070673 1.67969
444.071336 1.67969
444.071838 1.67969
444.072326 1.67969
444.0728 1.67969
444.073398 1.67969
444.074025 1.67969
444.074632 1.67969
444.075253 1.67969
444.075893 1.67969
444.076642 1.67969
444.077369 1.67969
444.078004 1.67969
444.078539 1.67969
444.079092 1.67969
444.079617 1.67969
444.080164 1.67969
444.080681 1.67969
444.081385 1.6748
444.08198 1.6748
444.082514 1.6748
444.083068 1.6748
444.083613 1.6748
444.084152 1.6748
444.08468 1.6748
444.085259 1.6748
444.08578 1.6748
444.0863 1.6748
444.08683 1.6748
444.087417 1.6748
444.088109 1.6748
444.088673 1.6748
444.089255 1.6748
444.089801 1.6748
444.090349 1.6748
444.090879 1.6748
444.091394 1.6748
444.092033 1.6748
444.092594 1.6748
444.093146 1.6748
444.093668 1.6748
444.094227 1.6748
444.094748 1.6748
444.095265 1.6748
444.09577 1.6748
444.096351 1.6748
444.096877 1.6748
444.097407 1.6748
444.097909 1.6748
444.098436 1.6748
444.098969 1.6748
444.099479 1.6748
444.100004 1.6748
444.100518 1.6748
444.101052 1.6748
444.10156 1.6748
444.102268 1.68945
444.102819 1.68945
444.103335 1.68945
444.10384 1.68945
444.104357 1.68945
444.104877 1.68945
444.105386 1.68945
444.105891 1.68945
444.106456 1.68945
444.106998 1.68945
444.107512 1.68945
444.108047 1.68945
444.108561 1.68945
444.109104 1.68945
444.109621 1.68945
444.110157 1.68945
444.110677 1.68945
444.111274 1.68945
444.111785 1.68945
444.112298 1.68945
444.112839 1.68945
444.113349 1.68945
444.113873 1.68945
444.114401 1.68945
444.114914 1.68945
444.115448 1.68945
444.115988 1.68945
444.116504 1.68945
444.117114 1.68945
444.117738 1.68945
444.118305 1.68945
444.11882 1.68945
444.119327 1.68945
444.119827 1.68945
444.120329 1.68945
444.120832 1.68945
444.121337 1.68945
444.12184 1.68945
444.122529 1.69434
444.123125 1.69434
444.123653 1.69434
444.124194 1.69434
444.124724 1.69434
444.125246 1.69434
444.125772 1.69434
444.126279 1.69434
444.126784 1.69434
444.127371 1.69434
444.127884 1.69434
444.12839 1.69434
444.128893 1.69434
444.129392 1.69434
444.12989 1.69434
444.130386 1.69434
444.130884 1.69434
444.131388 1.69434
444.131883 1.69434
444.132383 1.69434
444.132994 1.69434
444.133539 1.69434
444.134102 1.69434
444.13464 1.69434
444.135177 1.69434
444.135685 1.69434
444.136247 1.69434
444.136753 1.69434
444.137257 1.69434
444.137856 1.69434
444.13839 1.69434
444.138895 1.69434
444.139401 1.69434
444.139899 1.69434
444.140404 1.69434
444.140902 1.69434
444.141418 1.69434
444.141942 1.69434
444.142469 1.69434
444.14309 1.68457
444.143654 1.68457
444.144203 1.68457
444.14473 1.68457
444.145245 1.68457
444.145745 1.68457
444.146256 1.68457
444.14678 1.68457
444.147334 1.68457
444.147853 1.68457
444.148368 1.68457
444.148871 1.68457
444.149374 1.68457
444.149872 1.68457
444.150376 1.68457
444.150872 1.68457
444.151371 1.68457
444.151871 1.68457
444.152375 1.68457
444.152878 1.68457
444.153392 1.68457
444.153962 1.68457
444.154539 1.68457
444.155109 1.68457
444.155643 1.68457
444.156192 1.68457
444.156726 1.68457
444.15726 1.68457
444.157772 1.68457
444.158328 1.68457
444.158863 1.68457
444.159374 1.68457
444.159877 1.68457
444.160386 1.68457
444.16089 1.68457
444.161394 1.68457
444.161893 1.68457
444.162392 1.68457
444.162892 1.68457
444.163459 1.68457
444.164115 1.68945
444.164749 1.68945
444.165283 1.68945
444.165791 1.68945
444.166301 1.68945
444.166801 1.68945
444.167311 1.68945
444.167834 1.68945
444.168338 1.68945
444.168833 1.68945
444.169333 1.68945
444.169829 1.68945
444.17034 1.68945
444.170857 1.68945
444.171462 1.68945
444.172009 1.68945
444.172525 1.68945
444.17306 1.68945
444.173576 1.68945
444.174193 1.68945
444.174752 1.68945
444.175316 1.68945
444.175837 1.68945
444.176351 1.68945
444.176859 1.68945
444.177366 1.68945
444.177876 1.68945
444.1784 1.68945
444.178902 1.68945
444.179423 1.68945
444.179953 1.68945
444.180465 1.68945
444.181005 1.68945
444.181517 1.68945
444.182104 1.68945
444.182619 1.68945
444.18315 1.68945
444.183646 1.68945
444.184179 1.68945
444.184855 1.69922
444.185405 1.69922
444.185906 1.69922
444.186415 1.69922
444.186912 1.69922
444.187423 1.69922
444.187957 1.69922
444.188477 1.69922
444.189024 1.69922
444.189601 1.69922
444.190137 1.69922
444.190647 1.69922
444.191185 1.69922
444.19171 1.69922
444.192266 1.69922
444.19278 1.69922
444.193288 1.69922
444.193787 1.69922
444.194288 1.69922
444.194899 1.68945
444.195459 1.68945
444.196006 1.68945
444.196548 1.68945
444.197139 1.68945
444.197662 1.68945
444.198202 1.68945
444.198729 1.68945
444.199264 1.68945
444.199779 1.68945
444.200287 1.68945
444.200791 1.68945
444.201289 1.68945
444.201785 1.68945
444.202287 1.68945
444.202786 1.68945
444.203286 1.68945
444.203787 1.68945
444.204334 1.68945
444.204847 1.68945
444.205407 1.68945
444.205958 1.68945
444.206474 1.68945
444.207 1.68945
444.207508 1.68945
444.208043 1.68945
444.208554 1.68945
444.209143 1.68945
444.209642 1.68945
444.210121 1.68945
444.210596 1.68945
444.211037 1.68945
444.211451 1.68945
444.211856 1.68945
444.21227 1.68945
444.212668 1.68945
444.213118 1.68945
444.213528 1.68945
444.213965 1.68945
444.214388 1.68945
444.214773 1.68945
444.215268 1.68945
444.21589 1.68457
444.216316 1.68457
444.216684 1.68457
444.217085 1.68457
444.217513 1.68457
444.217876 1.68457
444.218243 1.68457
444.218596 1.68457
444.218983 1.68457
444.219342 1.68457
444.219714 1.68457
444.22007 1.68457
444.220417 1.68457
444.220771 1.68457
444.221124 1.68457
444.221473 1.68457
444.221823 1.68457
444.222177 1.68457
444.222524 1.68457
444.22288 1.68457
444.223249 1.68457
444.223642 1.68457
444.224035 1.68457
444.224424 1.68457
444.224871 1.68457
444.225264 1.68457
444.225622 1.68457
444.226154 1.68457
444.226526 1.68457
444.226883 1.68457
444.227247 1.68457
444.227597 1.68457
444.227984 1.68457
444.228361 1.68457
444.228736 1.68457
444.229111 1.68457
444.229517 1.68457
444.229879 1.68457
444.230243 1.68457
444.230593 1.68457
444.230972 1.68457
444.231327 1.68457
444.231676 1.68457
444.232053 1.68457
444.232405 1.68457
444.232753 1.68457
444.233153 1.68457
444.23351 1.68457
444.233866 1.68457
444.234231 1.68457
444.23458 1.68457
444.235032 1.68457
444.235481 1.68457
444.235869 1.68457
444.236508 1.68945
444.236894 1.68945
444.237289 1.68945
444.237643 1.68945
444.238037 1.68945
444.238391 1.68945
444.238744 1.68945
444.239093 1.68945
444.239442 1.68945
444.239847 1.68945
444.24022 1.68945
444.24057 1.68945
444.240947 1.68945
444.241308 1.68945
444.241659 1.68945
444.242042 1.68945
444.242397 1.68945
444.242746 1.68945
444.243106 1.68945
444.243455 1.68945
444.243858 1.68945
444.244217 1.68945
444.244566 1.68945
444.244949 1.68945
444.245321 1.68945
444.245788 1.68945
444.246259 1.68945
444.246809 1.68945
444.247221 1.68945
444.247617 1.68945
444.248046 1.68945
444.248462 1.68945
444.248882 1.68945
444.249304 1.68945
444.249725 1.68945
444.250127 1.68945
444.250516 1.68945
444.251003 1.68945
444.251436 1.68945
444.251829 1.68945
444.252222 1.68945
444.252607 1.68945
444.253027 1.68945
444.253435 1.68945
444.253826 1.68945
444.254218 1.68945
444.254606 1.68945
444.255022 1.68945
444.255418 1.68945
444.255808 1.68945
444.256286 1.68945
444.256915 1.69434
444.257362 1.69434
444.257765 1.69434
444.258163 1.69434
444.258555 1.69434
444.258995 1.69434
444.259393 1.69434
444.259783 1.69434
444.260175 1.69434
444.260564 1.69434
444.261036 1.69434
444.261439 1.69434
444.261832 1.69434
444.262279 1.69434
444.262666 1.69434
444.263089 1.69434
444.263475 1.69434
444.263863 1.69434
444.264255 1.69434
444.264642 1.69434
444.265143 1.69434
444.265541 1.69434
444.265962 1.69434
444.266357 1.69434
444.266791 1.69434
444.267471 1.69434
444.267989 1.69434
444.268408 1.69434
444.268803 1.69434
444.269255 1.69434
444.269662 1.69434
444.270125 1.69434
444.270554 1.69434
444.271008 1.69434
444.271427 1.69434
444.271842 1.69434
444.272273 1.69434
444.27273 1.69434
444.273171 1.69434
444.273596 1.69434
444.274049 1.69434
444.274537 1.69434
444.275067 1.69434
444.275514 1.69434
444.27597 1.69434
444.276405 1.69434
444.276826 1.69434
444.277272 1.69434
444.278354 1.68945
444.279027 1.68945
444.279473 1.68945
444.279922 1.68945
444.280383 1.68945
444.280809 1.68945
444.281237 1.68945
444.281656 1.68945
444.282111 1.68945
444.282523 1.68945
444.282913 1.68945
444.283312 1.68945
444.28376 1.68945
444.284163 1.68945
444.284556 1.68945
444.284976 1.68945
444.285373 1.68945
444.285764 1.68945
444.286199 1.68945
444.286599 1.68945
444.28702 1.68945
444.287419 1.68945
444.28781 1.68945
444.288367 1.68457
444.288792 1.68457
444.289284 1.68457
444.289756 1.68457
444.290207 1.68457
444.290617 1.68457
444.291047 1.68457
444.291453 1.68457
444.291871 1.68457
444.2923 1.68457
444.292739 1.68457
444.293169 1.68457
444.29359 1.68457
444.294026 1.68457
444.294449 1.68457
444.294865 1.68457
444.29531 1.68457
444.29576 1.68457
444.296191 1.68457
444.296605 1.68457
444.297048 1.68457
444.297486 1.68457
444.297906 1.68457
444.298433 1.68457
444.298917 1.68457
444.299407 1.68457
444.300053 1.68457
444.300515 1.68457
444.300972 1.68457
444.301399 1.68457
444.301813 1.68457
444.302226 1.68457
444.302629 1.68457
444.303062 1.68457
444.303464 1.68457
444.303862 1.68457
444.304265 1.68457
444.304747 1.68457
444.305367 1.68457
444.305959 1.68457
444.306556 1.68457
444.30711 1.68457
444.3076 1.68457
444.308074 1.68457
444.308855 1.67969
444.309363 1.67969
444.309819 1.67969
444.310372 1.67969
444.310895 1.67969
444.311394 1.67969
444.311845 1.67969
444.312295 1.67969
444.312768 1.67969
444.313205 1.67969
444.31363 1.67969
444.314095 1.67969
444.314515 1.67969
444.31496 1.67969
444.315396 1.67969
444.315824 1.67969
444.316262 1.67969
444.316678 1.67969
444.317196 1.67969
444.317631 1.67969
444.318099 1.67969
444.318515 1.67969
444.319062 1.67969
444.31953 1.67969
444.319999 1.67969
444.320432 1.67969
444.320858 1.67969
444.321387 1.67969
444.32186 1.67969
444.322321 1.67969
444.322749 1.67969
444.323224 1.67969
444.323657 1.67969
444.32414 1.67969
444.324579 1.67969
444.325041 1.67969
444.325489 1.67969
444.326032 1.67969
444.326503 1.67969
444.327026 1.67969
444.327528 1.67969
444.328017 1.67969
444.328479 1.67969
444.330206 1.68457
444.330814 1.68457
444.331445 1.68457
444.331925 1.68457
444.332434 1.68457
444.333264 1.68457
444.33381 1.68457
444.334478 1.68457
444.335166 1.68457
444.335894 1.68457
444.336504 1.68457
444.337209 1.68457
444.337913 1.68457
444.338487 1.68457
444.339173 1.68457
444.340093 1.68457
444.340739 1.68457
444.341347 1.68457
444.341805 1.68457
444.342263 1.68457
444.342737 1.68457
444.343372 1.68457
444.343923 1.68457
444.344415 1.68457
444.344875 1.68457
444.34534 1.68457
444.345799 1.68457
444.346284 1.68457
444.346762 1.68457
444.347399 1.68457
444.347823 1.68457
444.348263 1.68457
444.348721 1.68457
444.3492 1.68457
444.34963 1.68457
444.35016 1.68457
444.350851 1.68457
444.351822 1.68945
444.35234 1.68945
444.352788 1.68945
444.353331 1.68945
444.3538 1.68945
444.354321 1.68945
444.35495 1.68945
444.355414 1.68945
444.355905 1.68945
444.35638 1.68945
444.35689 1.68945
444.3575 1.68945
444.35811 1.68945
444.35857 1.68945
444.359095 1.68945
444.359637 1.68945
444.36016 1.68945
444.360598 1.68945
444.361058 1.68945
444.361484 1.68945
444.36201 1.68945
444.368419 1.68945
444.368895 1.68945
444.369344 1.68945
444.369779 1.68945
444.370203 1.68945
444.370636 1.68945
444.371132 1.68945
444.371613 1.68945
444.372167 1.68945
444.372992 1.68945
444.373441 1.68945
444.373867 1.68945
444.374299 1.68945
444.374744 1.68945
444.37517 1.68945
444.375581 1.68945
444.376023 1.68945
444.376525 1.68945
444.37698 1.68945
444.37744 1.68945
444.377997 1.68945
444.378503 1.68945
444.37907 1.68945
444.379513 1.68945
444.37999 1.68945
444.380433 1.68945
444.380853 1.68945
444.381335 1.68945
444.381758 1.68945
444.382175 1.68945
444.382586 1.68945
444.383173 1.68945
444.383609 1.68945
444.38407 1.68945
444.3845 1.68945
444.384908 1.68945
444.385327 1.68945
444.38575 1.68945
444.386171 1.68945
444.386578 1.68945
444.387017 1.68945
444.387498 1.68945
444.387914 1.68945
444.388332 1.68945
444.388752 1.68945
444.389205 1.68945
444.389678 1.68945
444.390138 1.68945
444.39056 1.68945
444.391001 1.68945
444.391421 1.68945
444.391827 1.68945
444.392242 1.68945
444.392647 1.68945
444.393085 1.68945
444.393767 1.68945
444.394203 1.68945
444.394611 1.68945
444.395044 1.68945
444.395458 1.68945
444.395867 1.68945
444.396289 1.68945
444.396774 1.68945
444.397199 1.68945
444.397608 1.68945
444.398043 1.68945
444.398456 1.68945
444.398866 1.68945
444.399286 1.68945
444.399744 1.68945
444.400261 1.68945
444.400711 1.68945
444.401168 1.68945
444.401586 1.68945
444.40203 1.68945
444.402444 1.68945
444.402852 1.68945
444.403269 1.68945
444.403865 1.69434
444.404306 1.69434
444.404744 1.69434
444.405205 1.69434
444.405623 1.69434
444.406133 1.69434
444.406548 1.69434
444.406989 1.69434
444.407409 1.69434
444.407816 1.69434
444.408231 1.69434
444.408638 1.69434
444.409081 1.69434
444.409489 1.69434
444.409894 1.69434
444.410351 1.69434
444.410788 1.69434
444.411219 1.69434
444.411631 1.69434
444.412177 1.69434
444.412681 1.69434
444.413214 1.69434
444.413738 1.69434
444.414383 1.69434
444.414946 1.69434
444.415471 1.69434
444.416082 1.69434
444.416604 1.69434
444.41714 1.69434
444.417648 1.69434
444.418189 1.69434
444.418713 1.69434
444.419227 1.69434
444.419749 1.69434
444.420258 1.69434
444.420777 1.69434
444.421421 1.69434
444.421984 1.69434
444.422502 1.69434
444.423156 1.69434
444.423768 1.69434
444.424238 1.69434
444.42495 1.7041
444.425396 1.7041
444.4258 1.7041
444.426202 1.7041
444.426596 1.7041
444.427096 1.7041
444.427497 1.7041
444.4279 1.7041
444.428311 1.7041
444.428733 1.7041
444.429138 1.7041
444.429525 1.7041
444.429944 1.7041
444.430612 1.7041
444.435503 1.7041
444.436013 1.7041
444.436432 1.7041
444.437262 1.7041
444.437802 1.7041
444.438341 1.7041
444.438762 1.7041
444.439171 1.7041
444.439569 1.7041
444.440002 1.7041
444.4404 1.7041
444.440861 1.7041
444.441348 1.7041
444.441755 1.7041
444.442156 1.7041
444.44255 1.7041
444.442976 1.7041
444.443384 1.7041
444.443776 1.7041
444.444377 1.7041
444.444796 1.7041
444.445482 1.68457
444.446035 1.68457
444.446462 1.68457
444.446859 1.68457
444.447255 1.68457
444.447645 1.68457
444.448072 1.68457
444.448462 1.68457
444.448855 1.68457
444.449251 1.68457
444.44964 1.68457
444.450099 1.68457
444.450519 1.68457
444.450915 1.68457
444.451321 1.68457
444.451738 1.68457
444.45214 1.68457
444.452532 1.68457
444.452946 1.68457
444.453341 1.68457
444.453751 1.68457
444.454151 1.68457
444.454541 1.68457
444.454957 1.68457
444.455356 1.68457
444.455886 1.68457
444.456397 1.68457
444.456809 1.68457
444.457211 1.68457
444.457602 1.68457
444.458114 1.68457
444.458526 1.68457
444.458954 1.68457
444.459422 1.68457
444.459822 1.68457
444.460221 1.68457
444.460613 1.68457
444.461034 1.68457
444.461431 1.68457
444.461879 1.68457
444.462287 1.68457
444.46268 1.68457
444.463102 1.68457
444.463493 1.68457
444.463879 1.68457
444.464281 1.68457
444.464674 1.68457
444.465098 1.68457
444.465489 1.68457
444.465995 1.68457
444.466489 1.68457
444.466982 1.68457
444.467399 1.68457
444.46787 1.68457
444.46828 1.68457
444.468674 1.68457
444.469114 1.68457
444.469506 1.68457
444.4699 1.68457
444.470301 1.68457
444.470715 1.68457
444.471115 1.68457
444.471504 1.68457
444.471897 1.68457
444.472296 1.68457
444.472707 1.68457
444.473109 1.68457
444.473504 1.68457
444.473926 1.68457
444.474368 1.68457
444.474779 1.68457
444.475201 1.68457
444.475611 1.68457
444.476063 1.68457
444.476799 1.68457
444.477483 1.68457
444.478001 1.68457
444.478467 1.68457
444.478925 1.68457
444.479389 1.68457
444.479823 1.68457
444.480269 1.68457
444.480722 1.68457
444.481159 1.68457
444.481587 1.68457
444.482054 1.68457
444.482495 1.68457
444.482943 1.68457
444.483411 1.68457
444.483871 1.68457
444.484307 1.68457
444.484794 1.68457
444.485235 1.68457
444.485651 1.68457
444.486156 1.68457
444.486773 1.68457
444.487638 1.69922
444.488167 1.69922
444.488601 1.69922
444.489045 1.69922
444.489468 1.69922
444.489906 1.69922
444.490345 1.69922
444.49076 1.69922
444.491175 1.69922
444.491583 1.69922
444.492027 1.69922
444.49245 1.69922
444.492877 1.69922
444.493475 1.69922
444.494148 1.69922
444.494725 1.69922
444.495342 1.69922
444.495856 1.69922
444.496364 1.69922
444.496873 1.69922
444.497481 1.69922
444.498076 1.69922
444.498715 1.69922
444.499376 1.69922
444.499898 1.69922
444.500409 1.69922
444.500909 1.69922
444.501422 1.69922
444.501949 1.69922
444.502465 1.69922
444.502991 1.69922
444.503502 1.69922
444.504089 1.69922
444.504778 1.69922
444.505378 1.69922
444.505895 1.69922
444.506424 1.69922
444.506963 1.69922
444.507501 1.69922
444.508209 1.69922
444.508769 1.69922
444.509416 1.69922
444.510066 1.69922
444.5105 1.69922
444.510926 1.69922
444.511365 1.69922
444.511786 1.69922
444.512199 1.69922
444.512608 1.69922
444.513041 1.69922
444.513456 1.69922
444.513863 1.69922
444.514286 1.69922
444.514719 1.69922
444.515237 1.69922
444.515653 1.69922
444.516098 1.69922
444.51651 1.69922
444.516919 1.69922
444.517443 1.69922
444.51799 1.69922
444.518647 1.6748
444.519387 1.6748
444.52 1.6748
444.520754 1.6748
444.521309 1.6748
444.52182 1.6748
444.522329 1.6748
444.522834 1.6748
444.523341 1.6748
444.523844 1.6748
444.524347 1.6748
444.524845 1.6748
444.525354 1.6748
444.52585 1.6748
444.526358 1.6748
444.52686 1.6748
444.527363 1.6748
444.527861 1.6748
444.52837 1.6748
444.529014 1.6748
444.529557 1.6748
444.530109 1.6748
444.530747 1.6748
444.531336 1.6748
444.531895 1.6748
444.53233 1.6748
444.532756 1.6748
444.533176 1.6748
444.533587 1.6748
444.534029 1.6748
444.534451 1.6748
444.534889 1.6748
444.535328 1.6748
444.535745 1.6748
444.53621 1.6748
444.536628 1.6748
444.537078 1.6748
444.537493 1.6748
444.537923 1.6748
444.538359 1.6748
444.538795 1.6748
444.539439 1.67969
444.539979 1.67969
444.540411 1.67969
444.540841 1.67969
444.541307 1.67969
444.54193 1.67969
444.54247 1.67969
444.543028 1.67969
444.543459 1.67969
444.544071 1.67969
444.544635 1.67969
444.545224 1.67969
444.545795 1.67969
444.546367 1.67969
444.54696 1.67969
444.54756 1.67969
444.548165 1.67969
444.548748 1.67969
444.549402 1.67969
444.550088 1.67969
444.550842 1.67969
444.551408 1.67969
444.551991 1.67969
444.552645 1.67969
444.553235 1.67969
444.55375 1.67969
444.55426 1.67969
444.55477 1.67969
444.555287 1.67969
444.555864 1.67969
444.556418 1.67969
444.556853 1.67969
444.557262 1.67969
444.55766 1.67969
444.55809 1.67969
444.55849 1.67969
444.558885 1.67969
444.559288 1.67969
444.559909 1.69434
444.56045 1.69434
444.560904 1.69434
444.561349 1.69434
444.561784 1.69434
444.562308 1.69434
444.562831 1.69434
444.563284 1.69434
444.56374 1.69434
444.564161 1.69434
444.564554 1.69434
444.565007 1.69434
444.56543 1.69434
444.565841 1.69434
444.566255 1.69434
444.566659 1.69434
444.567099 1.69434
444.567502 1.69434
444.567905 1.69434
444.568319 1.69434
444.56874 1.69434
444.56915 1.69434
444.569547 1.69434
444.570055 1.69434
444.570519 1.69434
444.570975 1.69434
444.571467 1.69434
444.571872 1.69434
444.572288 1.69434
444.572713 1.69434
444.573243 1.69434
444.573751 1.69434
444.574173 1.69434
444.574565 1.69434
444.574998 1.69434
444.575399 1.69434
444.575792 1.69434
444.576192 1.69434
444.576589 1.69434
444.577013 1.69434
444.577416 1.69434
444.57781 1.69434
444.578206 1.69434
444.578603 1.69434
444.579022 1.69434
444.579421 1.69434
444.579819 1.69434
444.580219 1.69434
444.580917 1.6748
444.581339 1.6748
444.581751 1.6748
444.582161 1.6748
444.582551 1.6748
444.58297 1.6748
444.583383 1.6748
444.583844 1.6748
444.584336 1.6748
444.584763 1.6748
444.585179 1.6748
444.585587 1.6748
444.586047 1.6748
444.586463 1.6748
444.586874 1.6748
444.587299 1.6748
444.587733 1.6748
444.588177 1.6748
444.588593 1.6748
444.589152 1.6748
444.589652 1.6748
444.590103 1.6748
444.590506 1.6748
444.591033 1.6748
444.591505 1.6748
444.592001 1.6748
444.592447 1.6748
444.592927 1.6748
444.593507 1.6748
444.593994 1.6748
444.594502 1.6748
444.595058 1.6748
444.595522 1.6748
444.595998 1.6748
444.596445 1.6748
444.59694 1.6748
444.597462 1.6748
444.59795 1.6748
444.598538 1.6748
444.599089 1.6748
444.59959 1.6748
444.600154 1.6748
444.600591 1.6748
444.601036 1.6748
444.601786 1.67969
444.602343 1.67969
444.602864 1.67969
444.603378 1.67969
444.603889 1.67969
444.604402 1.67969
444.604923 1.67969
444.605558 1.67969
444.606122 1.67969
444.606655 1.67969
444.607227 1.67969
444.607761 1.67969
444.608305 1.67969
444.608929 1.67969
444.609405 1.67969
444.609926 1.67969
444.61041 1.67969
444.610875 1.67969
444.611427 1.67969
444.612222 1.68945
444.612746 1.68945
444.613253 1.68945
444.613712 1.68945
444.614155 1.68945
444.614583 1.68945
444.615036 1.68945
444.615487 1.68945
444.616063 1.68945
444.616504 1.68945
444.616935 1.68945
444.617361 1.68945
444.617778 1.68945
444.618198 1.68945
444.618613 1.68945
444.619054 1.68945
444.619466 1.68945
444.619899 1.68945
444.620337 1.68945
444.620756 1.68945
444.621241 1.68945
444.621662 1.68945
444.622114 1.68945
444.62255 1.68945
444.62312 1.68945
444.623555 1.68945
444.624033 1.68945
444.624475 1.68945
444.624918 1.68945
444.62536 1.68945
444.625782 1.68945
444.62631 1.68945
444.626783 1.68945
444.627558 1.68945
444.628106 1.68945
444.628542 1.68945
444.628999 1.68945
444.629425 1.68945
444.629908 1.68945
444.630349 1.68945
444.630795 1.68945
444.631479 1.68945
444.632117 1.68945
444.632751 1.68945
444.633367 1.68945
444.63402 1.68945
444.634632 1.68945
444.635343 1.68945
444.635977 1.68945
444.636608 1.68945
444.637538 1.7041
444.638174 1.7041
444.638815 1.7041
444.63943 1.7041
444.640055 1.7041
444.640669 1.7041
444.641324 1.7041
444.641922 1.7041
444.64255 1.7041
444.643106 1.7041
444.643512 1.7041
444.643902 1.7041
444.644373 1.7041
444.644769 1.7041
444.645166 1.7041
444.645554 1.7041
444.645978 1.7041
444.646392 1.7041
444.646785 1.7041
444.647181 1.7041
444.647794 1.68945
444.648214 1.68945
444.648618 1.68945
444.649038 1.68945
444.649438 1.68945
444.649852 1.68945
444.650263 1.68945
444.650655 1.68945
444.651083 1.68945
444.651472 1.68945
444.651865 1.68945
444.652259 1.68945
444.652647 1.68945
444.653136 1.68945
444.653531 1.68945
444.653948 1.68945
444.654347 1.68945
444.654742 1.68945
444.655136 1.68945
444.655521 1.68945
444.655903 1.68945
444.656302 1.68945
444.656713 1.68945
444.657109 1.68945
444.657493 1.68945
444.658118 1.68945
444.658545 1.68945
444.658996 1.68945
444.659401 1.68945
444.659789 1.68945
444.660183 1.68945
444.660573 1.68945
444.660993 1.68945
444.661421 1.68945
444.66184 1.68945
444.662239 1.68945
444.662625 1.68945
444.663042 1.68945
444.663427 1.68945
444.663813 1.68945
444.664199 1.68945
444.664587 1.68945
444.664997 1.68945
444.665389 1.68945
444.665775 1.68945
444.666168 1.68945
444.666559 1.68945
444.666981 1.68945
444.667401 1.68945
444.667795 1.68945
444.66839 1.67969
444.6688 1.67969
444.669204 1.67969
444.6696 1.67969
444.670092 1.67969
444.670504 1.67969
444.670906 1.67969
444.671323 1.67969
444.671744 1.67969
444.672151 1.67969
444.672541 1.67969
444.672958 1.67969
444.673363 1.67969
444.673759 1.67969
444.674152 1.67969
444.674537 1.67969
444.674948 1.67969
444.675343 1.67969
444.675747 1.67969
444.676143 1.67969
444.676533 1.67969
444.676944 1.67969
444.677339 1.67969
444.677745 1.67969
444.678149 1.67969
444.678756 1.67969
444.679177 1.67969
444.679576 1.67969
444.680003 1.67969
444.6804 1.67969
444.68079 1.67969
444.681183 1.67969
444.681568 1.67969
444.681985 1.67969
444.682379 1.67969
444.682768 1.67969
444.683206 1.67969
444.683599 1.67969
444.684021 1.67969
444.684416 1.67969
444.684806 1.67969
444.685198 1.67969
444.685585 1.67969
444.685998 1.67969
444.686393 1.67969
444.686892 1.67969
444.687372 1.67969
444.687839 1.67969
444.688241 1.67969
444.688801 1.68945
444.689241 1.68945
444.689636 1.68945
444.690064 1.68945
444.690466 1.68945
444.690862 1.68945
444.691339 1.68945
444.691742 1.68945
444.692147 1.68945
444.692537 1.68945
444.692969 1.68945
444.693376 1.68945
444.693771 1.68945
444.694167 1.68945
444.694613 1.68945
444.695041 1.68945
444.695436 1.68945
444.695831 1.68945
444.696295 1.68945
444.696719 1.68945
444.697122 1.68945
444.697513 1.68945
444.697904 1.68945
444.698304 1.68945
444.698713 1.68945
444.699266 1.68945
444.699676 1.68945
444.700107 1.68945
444.700498 1.68945
444.700895 1.68945
444.701298 1.68945
444.701708 1.68945
444.702106 1.68945
444.702497 1.68945
444.702885 1.68945
444.703285 1.68945
444.703673 1.68945
444.704177 1.68945
444.704576 1.68945
444.705 1.68945
444.705455 1.68945
444.705846 1.68945
444.706244 1.68945
444.706631 1.68945
444.707049 1.68945
444.707439 1.68945
444.707887 1.68945
444.708296 1.68945
444.708709 1.68945
444.709108 1.68945
444.709608 1.68945
444.710057 1.68945
444.710453 1.68945
444.710848 1.68945
444.71125 1.68945
444.711635 1.68945
444.712061 1.68945
444.71245 1.68945
444.712844 1.68945
444.713235 1.68945
444.713686 1.68945
444.714114 1.68945
444.714501 1.68945
444.714887 1.68945
444.715281 1.68945
444.715664 1.68945
444.716084 1.68945
444.71647 1.68945
444.716859 1.68945
444.717249 1.68945
444.717634 1.68945
444.718055 1.68945
444.718446 1.68945
444.718837 1.68945
444.719232 1.68945
444.719644 1.68945
444.720213 1.68945
444.720713 1.68945
444.721151 1.68945
444.721579 1.68945
444.722047 1.68945
444.722481 1.68945
444.723002 1.68945
444.723428 1.68945
444.723903 1.68945
444.724344 1.68945
444.724757 1.68945
444.725168 1.68945
444.725571 1.68945
444.726015 1.68945
444.726428 1.68945
444.726833 1.68945
444.727245 1.68945
444.727655 1.68945
444.728111 1.68945
444.72853 1.68945
444.72897 1.68945
444.729384 1.68945
444.729788 1.68945
444.730225 1.68945
444.732046 1.69434
444.732656 1.69434
444.733339 1.69434
444.733926 1.69434
444.734479 1.69434
444.735064 1.69434
444.735669 1.69434
444.736339 1.69434
444.73691 1.69434
444.737424 1.69434
444.737877 1.69434
444.738328 1.69434
444.738774 1.69434
444.739203 1.69434
444.739626 1.69434
444.740103 1.69434
444.740537 1.69434
444.741018 1.69434
444.741581 1.69434
444.742064 1.69434
444.74249 1.69434
444.74291 1.69434
444.743348 1.69434
444.743871 1.69434
444.744472 1.69434
444.745042 1.69434
444.745497 1.69434
444.74593 1.69434
444.746371 1.69434
444.746784 1.69434
444.747198 1.69434
444.747607 1.69434
444.748049 1.69434
444.748469 1.69434
444.74888 1.69434
444.749304 1.69434
444.749739 1.69434
444.750164 1.69434
444.750576 1.69434
444.751024 1.69434
444.751463 1.69434
444.752182 1.68457
444.752635 1.68457
444.753102 1.68457
444.753601 1.68457
444.754055 1.68457
444.754472 1.68457
444.754909 1.68457
444.755567 1.68457
444.756035 1.68457
444.756462 1.68457
444.756899 1.68457
444.757336 1.68457
444.757757 1.68457
444.758175 1.68457
444.75859 1.68457
444.759032 1.68457
444.759457 1.68457
444.75989 1.68457
444.760324 1.68457
444.760747 1.68457
444.761214 1.68457
444.76163 1.68457
444.762214 1.7041
444.762722 1.7041
444.763274 1.7041
444.763763 1.7041
444.764192 1.7041
444.775955 1.7041
444.778319 1.7041
444.778908 1.7041
444.779447 1.7041
444.779992 1.7041
444.780514 1.7041
444.781146 1.7041
444.781686 1.7041
444.782236 1.7041
444.782751 1.7041
444.783265 1.7041
444.783771 1.7041
444.784274 1.7041
444.784781 1.7041
444.785293 1.7041
444.785806 1.7041
444.78632 1.7041
444.786827 1.7041
444.787335 1.7041
444.787839 1.7041
444.788379 1.7041
444.789125 1.68457
444.789557 1.68457
444.789998 1.68457
444.790402 1.68457
444.790798 1.68457
444.791196 1.68457
444.79159 1.68457
444.792004 1.68457
444.792404 1.68457
444.792799 1.68457
444.793196 1.68457
444.793592 1.68457
444.794006 1.68457
444.794407 1.68457
444.794801 1.68457
444.7952 1.68457
444.79559 1.68457
444.796003 1.68457
444.796396 1.68457
444.796788 1.68457
444.797182 1.68457
444.79757 1.68457
444.79799 1.68457
444.798404 1.68457
444.798798 1.68457
444.799222 1.68457
444.799652 1.68457
444.800098 1.68457
444.800505 1.68457
444.800903 1.68457
444.801316 1.68457
444.801737 1.68457
444.802232 1.68457
444.802635 1.68457
444.803088 1.68457
444.803494 1.68457
444.803907 1.68457
444.80434 1.68457
444.804757 1.68457
444.805174 1.68457
444.8056 1.68457
444.806068 1.68457
444.806512 1.68457
444.80697 1.68457
444.807502 1.68457
444.808012 1.68457
444.808465 1.68457
444.808899 1.68457
444.809357 1.68457
444.810006 1.67969
444.810476 1.67969
444.810904 1.67969
444.811342 1.67969
444.81176 1.67969
444.812185 1.67969
444.812659 1.67969
444.813117 1.67969
444.813544 1.67969
444.814005 1.67969
444.814426 1.67969
444.814847 1.67969
444.815271 1.67969
444.815681 1.67969
444.816115 1.67969
444.816507 1.67969
444.816892 1.67969
444.817292 1.67969
444.81771 1.67969
444.818206 1.67969
444.818601 1.67969
444.819018 1.67969
444.819418 1.67969
444.819879 1.67969
444.820479 1.68457
444.820899 1.68457
444.821304 1.68457
444.821715 1.68457
444.822191 1.68457
444.822584 1.68457
444.822998 1.68457
444.823397 1.68457
444.823794 1.68457
444.824204 1.68457
444.824594 1.68457
444.82501 1.68457
444.825547 1.68457
444.826016 1.68457
444.826445 1.68457
444.826866 1.68457
444.827307 1.68457
444.827749 1.68457
444.828185 1.68457
444.828603 1.68457
444.82904 1.68457
444.829463 1.68457
444.829887 1.68457
444.830533 1.68457
444.831055 1.68457
444.831501 1.68457
444.831958 1.68457
444.832399 1.68457
444.832832 1.68457
444.833263 1.68457
444.833677 1.68457
444.834121 1.68457
444.834545 1.68457
444.834996 1.68457
444.835426 1.68457
444.835852 1.68457
444.836264 1.68457
444.836674 1.68457
444.837122 1.68457
444.837525 1.68457
444.837949 1.68457
444.838356 1.68457
444.838758 1.68457
444.839265 1.68457
444.839667 1.68457
444.840103 1.68457
444.840502 1.68457
444.841171 1.68457
444.841613 1.68457
444.842066 1.68457
444.842474 1.68457
444.842875 1.68457
444.843285 1.68457
444.843682 1.68457
444.844108 1.68457
444.844496 1.68457
444.844885 1.68457
444.845288 1.68457
444.84568 1.68457
444.846104 1.68457
444.846498 1.68457
444.846887 1.68457
444.847289 1.68457
444.847679 1.68457
444.848106 1.68457
444.848496 1.68457
444.848884 1.68457
444.849282 1.68457
444.849671 1.68457
444.850092 1.68457
444.850482 1.68457
444.850872 1.68457
444.851405 1.68457
444.85181 1.68457
444.85221 1.68457
444.852609 1.68457
444.85303 1.68457
444.853428 1.68457
444.853823 1.68457
444.854221 1.68457
444.854611 1.68457
444.855127 1.68457
444.855546 1.68457
444.856001 1.68457
444.856432 1.68457
444.857126 1.68457
444.857634 1.68457
444.858148 1.68457
444.858613 1.68457
444.859299 1.68457
444.859887 1.68457
444.860445 1.68457
444.860942 1.68457
444.8618 1.69434
444.862418 1.69434
444.863073 1.69434
444.863766 1.69434
444.864408 1.69434
444.865072 1.69434
444.865648 1.69434
444.866189 1.69434
444.866723 1.69434
444.867314 1.69434
444.867883 1.69434
444.868452 1.69434
444.869043 1.69434
444.869577 1.69434
444.870148 1.69434
444.870644 1.69434
444.871145 1.69434
444.871599 1.69434
444.872093 1.69434
444.872582 1.69434
444.873062 1.69434
444.873502 1.69434
444.873976 1.69434
444.874437 1.69434
444.874898 1.69434
444.875366 1.69434
444.875892 1.69434
444.876356 1.69434
444.876806 1.69434
444.877247 1.69434
444.877685 1.69434
444.87818 1.69434
444.87862 1.69434
444.879134 1.69434
444.879597 1.69434
444.880186 1.69434
444.880638 1.69434
444.881107 1.69434
444.881561 1.69434
444.882064 1.69434
444.882793 1.69434
444.883265 1.69434
444.883731 1.69434
444.88418 1.69434
444.884622 1.69434
444.885121 1.69434
444.885552 1.69434
444.886025 1.69434
444.88646 1.69434
444.886912 1.69434
444.887367 1.69434
444.887815 1.69434
444.888253 1.69434
444.888679 1.69434
444.889176 1.69434
444.889612 1.69434
444.890086 1.69434
444.890506 1.69434
444.89094 1.69434
444.891371 1.69434
444.891805 1.69434
444.892231 1.69434
444.89273 1.69434
444.893174 1.69434
444.893594 1.69434
444.89405 1.69434
444.894468 1.69434
444.894895 1.69434
444.895367 1.69434
444.895812 1.69434
444.896276 1.69434
444.896725 1.69434
444.89715 1.69434
444.897565 1.69434
444.898017 1.69434
444.898438 1.69434
444.898862 1.69434
444.899294 1.69434
444.899748 1.69434
444.900177 1.69434
444.900595 1.69434
444.901035 1.69434
444.901457 1.69434
444.90188 1.69434
444.902303 1.69434
444.902758 1.69434
444.903671 1.69434
444.904153 1.69434
444.904577 1.69434
444.905027 1.69434
444.905446 1.69434
444.905876 1.69434
444.906312 1.69434
444.906753 1.69434
444.907251 1.69434
444.907673 1.69434
444.908122 1.69434
444.908532 1.69434
444.908979 1.69434
444.909398 1.69434
444.909816 1.69434
444.910235 1.69434
444.910644 1.69434
444.911099 1.69434
444.911509 1.69434
444.911998 1.69434
444.912435 1.69434
444.912855 1.69434
444.913282 1.69434
444.913857 1.67969
444.914304 1.67969
444.914739 1.67969
444.91516 1.67969
444.91557 1.67969
444.916014 1.67969
444.916437 1.67969
444.916879 1.67969
444.917322 1.67969
444.917742 1.67969
444.918151 1.67969
444.918554 1.67969
444.918989 1.67969
444.919406 1.67969
444.919815 1.67969
444.920231 1.67969
444.920634 1.67969
444.921066 1.67969
444.921474 1.67969
444.921877 1.67969
444.922294 1.67969
444.922724 1.67969
444.923142 1.67969
444.92355 1.67969
444.924126 1.67969
444.92457 1.67969
444.925026 1.67969
444.925448 1.67969
444.925858 1.67969
444.926273 1.67969
444.926678 1.67969
444.927131 1.67969
444.927553 1.67969
444.927999 1.67969
444.928419 1.67969
444.928825 1.67969
444.929238 1.67969
444.929639 1.67969
444.930076 1.67969
444.930483 1.67969
444.930889 1.67969
444.931305 1.67969
444.931733 1.67969
444.932144 1.67969
444.932553 1.67969
444.933008 1.67969
444.933443 1.67969
444.933839 1.67969
444.934382 1.67969
444.934802 1.67969
444.935204 1.67969
444.935594 1.67969
444.936016 1.67969
444.936412 1.67969
444.936815 1.67969
444.937243 1.67969
444.937638 1.67969
444.938076 1.67969
444.938471 1.67969
444.938861 1.67969
444.939257 1.67969
444.939642 1.67969
444.940063 1.67969
444.940454 1.67969
444.940845 1.67969
444.941247 1.67969
444.94164 1.67969
444.942064 1.67969
444.942457 1.67969
444.942849 1.67969
444.943253 1.67969
444.943642 1.67969
444.944066 1.67969
444.944532 1.67969
444.945049 1.67969
444.945463 1.67969
444.945859 1.67969
444.946262 1.67969
444.946653 1.67969
444.947075 1.67969
444.947465 1.67969
444.947856 1.67969
444.948263 1.67969
444.948661 1.67969
444.949098 1.67969
444.949501 1.67969
444.949892 1.67969
444.950295 1.67969
444.950708 1.67969
444.951112 1.67969
444.951505 1.67969
444.951894 1.67969
444.952296 1.67969
444.952683 1.67969
444.953125 1.67969
444.953524 1.67969
444.953914 1.67969
444.954311 1.67969
444.954723 1.67969
444.955215 1.6748
444.955668 1.6748
444.956099 1.6748
444.956488 1.6748
444.95688 1.6748
444.957274 1.6748
444.957666 1.6748
444.95809 1.6748
444.958482 1.6748
444.958875 1.6748
444.95929 1.6748
444.959679 1.6748
444.960112 1.6748
444.960504 1.6748
444.960891 1.6748
444.961289 1.6748
444.961681 1.6748
444.962101 1.6748
444.96249 1.6748
444.962878 1.6748
444.963274 1.6748
444.963661 1.6748
444.964077 1.6748
444.964489 1.6748
444.964926 1.6748
444.96543 1.6748
444.965853 1.6748
444.966263 1.6748
444.966655 1.6748
444.96708 1.6748
444.967472 1.6748
444.967865 1.6748
444.968263 1.6748
444.968651 1.6748
444.969067 1.6748
444.969461 1.6748
444.96988 1.6748
444.970297 1.6748
444.970712 1.6748
444.971112 1.6748
444.971501 1.6748
444.971895 1.6748
444.972294 1.6748
444.972686 1.6748
444.973101 1.6748
444.973485 1.6748
444.973881 1.6748
444.97429 1.6748
444.974711 1.6748
444.975117 1.6748
444.975653 1.6748
444.976106 1.6748
444.9765 1.6748
444.97689 1.6748
444.977291 1.6748
444.977681 1.6748
444.978097 1.6748
444.978483 1.6748
444.978876 1.6748
444.979278 1.6748
444.979664 1.6748
444.980086 1.6748
444.980481 1.6748
444.980871 1.6748
444.981268 1.6748
444.981658 1.6748
444.982078 1.6748
444.982466 1.6748
444.982852 1.6748
444.983249 1.6748
444.983637 1.6748
444.984061 1.6748
444.98445 1.6748
444.984835 1.6748
444.985229 1.6748
444.985616 1.6748
444.986129 1.6748
444.986531 1.6748
444.986958 1.6748
444.98736 1.6748
444.98775 1.6748
444.988141 1.6748
444.988526 1.6748
444.988911 1.6748
444.989306 1.6748
444.989715 1.6748
444.990129 1.6748
444.990527 1.6748
444.990953 1.6748
444.991355 1.6748
444.991747 1.6748
444.992138 1.6748
444.992524 1.6748
444.992912 1.6748
444.993311 1.6748
444.993723 1.6748
444.994123 1.6748
444.994515 1.6748
444.994906 1.6748
444.995305 1.6748
444.995723 1.6748
444.996163 1.69434
444.996619 1.69434
444.99705 1.69434
444.99744 1.69434
444.99783 1.69434
444.998223 1.69434
444.998608 1.69434
444.999089 1.69434
444.999493 1.69434
444.99988 1.69434
445.00028 1.69434
445.000667 1.69434
445.001094 1.69434
445.00149 1.69434
445.001879 1.69434
445.002281 1.69434
445.002669 1.69434
445.003089 1.69434
445.003489 1.69434
445.003883 1.69434
445.004292 1.69434
445.004681 1.69434
445.005101 1.69434
445.005486 1.69434
445.005873 1.69434
445.006407 1.69434
445.006871 1.69434
445.007296 1.69434
445.007714 1.69434
445.008118 1.69434
445.008508 1.69434
445.008894 1.69434
445.009295 1.69434
445.009682 1.69434
445.010101 1.69434
445.010497 1.69434
445.010893 1.69434
445.011311 1.69434
445.011735 1.69434
445.012146 1.69434
445.012537 1.69434
445.012952 1.69434
445.013439 1.69434
445.013936 1.69434
445.014373 1.69434
445.014768 1.69434
445.015166 1.69434
445.015553 1.69434
445.015971 1.69434
445.016369 1.69434
445.01692 1.69922
445.017356 1.69922
445.017756 1.69922
445.018149 1.69922
445.018535 1.69922
445.018951 1.69922
445.019347 1.69922
445.019737 1.69922
445.020125 1.69922
445.020507 1.69922
445.020894 1.69922
445.021294 1.69922
445.021682 1.69922
445.022104 1.69922
445.022505 1.69922
445.022892 1.69922
445.02329 1.69922
445.02368 1.69922
445.024135 1.69922
445.02452 1.69922
445.024908 1.69922
445.025311 1.69922
445.025716 1.69922
445.026111 1.69922
445.026499 1.69922
445.026901 1.69922
445.02761 1.68457
445.028064 1.68457
445.028473 1.68457
445.028866 1.68457
445.029268 1.68457
445.029657 1.68457
445.030079 1.68457
445.030464 1.68457
445.030874 1.68457
445.03129 1.68457
445.031684 1.68457
445.03211 1.68457
445.032497 1.68457
445.032898 1.68457
445.033303 1.68457
445.03371 1.68457
445.034109 1.68457
445.034498 1.68457
445.034887 1.68457
445.035285 1.68457
445.035678 1.68457
445.036096 1.68457
445.036485 1.68457
445.036874 1.68457
445.037275 1.68457
445.037774 1.68457
445.038204 1.68457
445.038601 1.68457
445.039026 1.68457
445.039419 1.68457
445.039809 1.68457
445.040204 1.68457
445.040592 1.68457
445.041037 1.68457
445.041485 1.68457
445.041883 1.68457
445.042285 1.68457
445.042675 1.68457
445.04311 1.68457
445.043512 1.68457
445.043903 1.68457
445.04431 1.68457
445.044725 1.68457
445.045128 1.68457
445.045513 1.68457
445.045903 1.68457
445.046302 1.68457
445.046711 1.68457
445.047108 1.68457
445.047503 1.68457
445.047919 1.68457
445.048355 1.68457
445.048752 1.68457
445.049145 1.68457
445.049536 1.68457
445.049957 1.68457
445.05036 1.68457
445.050754 1.68457
445.051152 1.68457
445.051541 1.68457
445.051964 1.68457
445.052422 1.68457
445.052824 1.68457
445.053223 1.68457
445.053613 1.68457
445.054044 1.68457
445.054441 1.68457
445.054832 1.68457
445.055227 1.68457
445.055615 1.68457
445.056032 1.68457
445.056427 1.68457
445.056809 1.68457
445.057203 1.68457
445.057594 1.68457
445.057989 1.68457
445.058669 1.67969
445.059123 1.67969
445.059519 1.67969
445.059908 1.67969
445.060311 1.67969
445.060726 1.67969
445.061155 1.67969
445.061623 1.67969
445.062082 1.67969
445.06248 1.67969
445.062872 1.67969
445.063301 1.67969
445.063724 1.67969
445.064197 1.67969
445.064622 1.67969
445.065106 1.67969
445.065618 1.67969
445.06613 1.67969
445.066547 1.67969
445.067011 1.67969
445.067448 1.67969
445.067881 1.67969
445.068344 1.67969
445.06907 1.67969
445.069553 1.67969
445.070058 1.67969
445.07051 1.67969
445.070988 1.67969
445.071468 1.67969
445.071954 1.67969
445.072428 1.67969
445.072903 1.67969
445.073382 1.67969
445.073853 1.67969
445.074327 1.67969
445.0748 1.67969
445.075258 1.67969
445.07576 1.67969
445.076251 1.67969
445.076758 1.67969
445.0772 1.67969
445.077607 1.67969
445.078054 1.67969
445.078482 1.67969
445.078942 1.67969
445.079373 1.67969
445.079799 1.67969
445.080226 1.67969
445.080642 1.67969
445.081094 1.67969
445.081506 1.67969
445.081919 1.67969
445.082335 1.67969
445.082742 1.67969
445.083155 1.67969
445.083572 1.67969
445.084039 1.67969
445.084455 1.67969
445.084906 1.67969
445.085466 1.67969
445.085983 1.67969
445.086482 1.67969
445.086964 1.67969
445.087412 1.67969
445.087851 1.67969
445.088272 1.67969
445.088668 1.67969
445.089271 1.68945
445.089748 1.68945
445.090209 1.68945
445.09064 1.68945
445.091115 1.68945
445.091619 1.68945
445.092084 1.68945
445.092512 1.68945
445.092965 1.68945
445.093404 1.68945
445.093829 1.68945
445.094262 1.68945
445.094683 1.68945
445.09514 1.68945
445.095564 1.68945
445.096032 1.68945
445.096457 1.68945
445.096869 1.68945
445.097304 1.68945
445.097749 1.68945
445.098187 1.68945
445.098604 1.68945
445.099042 1.68945
445.099531 1.68945
445.099998 1.68945
445.100429 1.68945
445.10084 1.68945
445.101265 1.68945
445.101676 1.68945
445.102122 1.68945
445.102533 1.68945
445.102976 1.68945
445.103401 1.68945
445.10376 1.68945
445.104169 1.68945
445.104571 1.68945
445.105104 1.68945
445.105531 1.68945
445.105975 1.68945
445.106421 1.68945
445.106879 1.68945
445.107323 1.68945
445.107775 1.68945
445.108234 1.68945
445.108731 1.68945
445.109329 1.68945
445.110374 1.68945
445.110915 1.68945
445.111631 1.68945
445.112176 1.68945
445.112838 1.68945
445.11335 1.68945
445.113805 1.68945
445.114269 1.68945
445.114804 1.68945
445.115338 1.68945
445.115889 1.68945
445.116404 1.68945
445.116952 1.68945
445.117484 1.68945
445.118033 1.68945
445.118551 1.68945
445.119158 1.68945
445.119815 1.68945
445.120651 1.68945
445.121362 1.68945
445.121823 1.68945
445.12223 1.68945
445.122617 1.68945
445.123033 1.68945
445.123427 1.68945
445.123823 1.68945
445.124218 1.68945
445.124606 1.68945
445.12511 1.68945
445.125512 1.68945
445.125903 1.68945
445.126303 1.68945
445.126712 1.68945
445.127107 1.68945
445.127494 1.68945
445.12788 1.68945
445.128274 1.68945
445.128661 1.68945
445.129087 1.68945
445.12949 1.68945
445.12989 1.68945
445.1303 1.68945
445.130735 1.68945
445.131736 1.7041
445.132263 1.7041
445.132738 1.7041
445.133177 1.7041
445.13359 1.7041
445.134033 1.7041
445.134448 1.7041
445.134865 1.7041
445.13528 1.7041
445.135675 1.7041
445.136107 1.7041
445.136506 1.7041
445.13694 1.7041
445.137385 1.7041
445.137787 1.7041
445.138187 1.7041
445.138607 1.7041
445.139076 1.7041
445.139474 1.7041
445.139863 1.7041
445.140263 1.7041
445.140653 1.7041
445.141099 1.7041
445.14159 1.7041
445.142053 1.7041
445.142571 1.7041
445.143065 1.7041
445.143476 1.7041
445.143873 1.7041
445.144275 1.7041
445.144663 1.7041
445.145084 1.7041
445.145473 1.7041
445.145876 1.7041
445.146294 1.7041
445.146682 1.7041
445.147108 1.7041
445.147503 1.7041
445.147891 1.7041
445.148292 1.7041
445.148678 1.7041
445.149096 1.7041
445.149488 1.7041
445.149878 1.7041
445.150275 1.7041
445.150663 1.7041
445.151083 1.7041
445.151466 1.7041
445.151874 1.7041
445.152454 1.7041
445.152865 1.7041
445.153334 1.7041
445.153768 1.7041
445.154178 1.7041
445.154572 1.7041
445.154997 1.7041
445.155399 1.7041
445.155788 1.7041
445.156182 1.7041
445.156569 1.7041
445.156981 1.7041
445.157377 1.7041
445.157768 1.7041
445.158205 1.7041
445.158601 1.7041
445.159019 1.7041
445.159411 1.7041
445.159804 1.7041
445.160199 1.7041
445.160586 1.7041
445.161004 1.7041
445.161397 1.7041
445.161796 1.7041
445.162241 1.7041
445.16285 1.69922
445.163278 1.69922
445.163713 1.69922
445.164209 1.69922
445.164623 1.69922
445.16505 1.69922
445.165441 1.69922
445.165858 1.69922
445.166303 1.69922
445.166738 1.69922
445.167147 1.69922
445.167545 1.69922
445.167962 1.69922
445.168363 1.69922
445.168759 1.69922
445.169155 1.69922
445.169545 1.69922
445.169976 1.69922
445.17038 1.69922
445.170789 1.69922
445.171188 1.69922
445.171571 1.69922
445.171983 1.69922
445.172379 1.69922
445.172826 1.69922
445.173249 1.69922
445.173639 1.69922
445.174103 1.69922
445.174585 1.69922
445.175033 1.69922
445.175434 1.69922
445.175822 1.69922
445.176214 1.69922
445.176603 1.69922
445.177019 1.69922
445.177415 1.69922
445.177803 1.69922
445.178191 1.69922
445.178576 1.69922
445.179 1.69922
445.179415 1.69922
445.179807 1.69922
445.180201 1.69922
445.180591 1.69922
445.181012 1.69922
445.181408 1.69922
445.181795 1.69922
445.182192 1.69922
445.182579 1.69922
445.183165 1.68457
445.183602 1.68457
445.184035 1.68457
445.184449 1.68457
445.184968 1.68457
445.185389 1.68457
445.185786 1.68457
445.186183 1.68457
445.186579 1.68457
445.187013 1.68457
445.187405 1.68457
445.187792 1.68457
445.188183 1.68457
445.18857 1.68457
445.189048 1.68457
445.189458 1.68457
445.189852 1.68457
445.19026 1.68457
445.190652 1.68457
445.191082 1.68457
445.191476 1.68457
445.191871 1.68457
445.192272 1.68457
445.192665 1.68457
445.193094 1.68457
445.193507 1.68457
445.193957 1.68457
445.194364 1.68457
445.194775 1.68457
445.195267 1.68457
445.195679 1.68457
445.196112 1.68457
445.196505 1.68457
445.196896 1.68457
445.197297 1.68457
445.197709 1.68457
445.198108 1.68457
445.198497 1.68457
445.198902 1.68457
445.199328 1.68457
445.199741 1.68457
445.200144 1.68457
445.200535 1.68457
445.200953 1.68457
445.201355 1.68457
445.201749 1.68457
445.202142 1.68457
445.20253 1.68457
445.202947 1.68457
445.20335 1.68457
445.203955 1.6748
445.204389 1.6748
445.204793 1.6748
445.205223 1.6748
445.205827 1.6748
445.206235 1.6748
445.206628 1.6748
445.207059 1.6748
445.20745 1.6748
445.207842 1.6748
445.208243 1.6748
445.208638 1.6748
445.209059 1.6748
445.209447 1.6748
445.209839 1.6748
445.210238 1.6748
445.21063 1.6748
445.211058 1.6748
445.211448 1.6748
445.211837 1.6748
445.212233 1.6748
445.212617 1.6748
445.213031 1.6748
445.213423 1.6748
445.213812 1.6748
445.214436 1.6748
445.214859 1.6748
445.21527 1.6748
445.215724 1.6748
445.216272 1.6748
445.216682 1.6748
445.217117 1.6748
445.217509 1.6748
445.217899 1.6748
445.2183 1.6748
445.21871 1.6748
445.219109 1.6748
445.219501 1.6748
445.2199 1.6748
445.22033 1.6748
445.220746 1.6748
445.221146 1.6748
445.221535 1.6748
445.221949 1.6748
445.222347 1.6748
445.222738 1.6748
445.22313 1.6748
445.223519 1.6748
445.223904 1.6748
445.224303 1.6748
445.224886 1.68457
445.225326 1.68457
445.225745 1.68457
445.226172 1.68457
445.226652 1.68457
445.227096 1.68457
445.22749 1.68457
445.22788 1.68457
445.228275 1.68457
445.228663 1.68457
445.229082 1.68457
445.229472 1.68457
445.229861 1.68457
445.230259 1.68457
445.230645 1.68457
445.231061 1.68457
445.231447 1.68457
445.231835 1.68457
445.232226 1.68457
445.232614 1.68457
445.233028 1.68457
445.233422 1.68457
445.233813 1.68457
445.234203 1.68457
445.234587 1.68457
445.235065 1.68457
445.235479 1.68457
445.235883 1.68457
445.236303 1.68457
445.236755 1.68457
445.237205 1.68457
445.237612 1.68457
445.238031 1.68457
445.238425 1.68457
445.238813 1.68457
445.239203 1.68457
445.239587 1.68457
445.240014 1.68457
445.240424 1.68457
445.240817 1.68457
445.241209 1.68457
445.241608 1.68457
445.242024 1.68457
445.242415 1.68457
445.242806 1.68457
445.243201 1.68457
445.243587 1.68457
445.244009 1.68457
445.244408 1.68457
445.244802 1.68457
445.245353 1.69434
445.245775 1.69434
445.246176 1.69434
445.246563 1.69434
445.246982 1.69434
445.247432 1.69434
445.247867 1.69434
445.248284 1.69434
445.248674 1.69434
445.249097 1.69434
445.249485 1.69434
445.249879 1.69434
445.250279 1.69434
445.25067 1.69434
445.251091 1.69434
445.251481 1.69434
445.251869 1.69434
445.25227 1.69434
445.252661 1.69434
445.25308 1.69434
445.253469 1.69434
445.253857 1.69434
445.254253 1.69434
445.254642 1.69434
445.255061 1.69434
445.255531 1.69434
445.255975 1.69434
445.256377 1.69434
445.256768 1.69434
445.257203 1.69434
445.257597 1.69434
445.258061 1.69434
445.25852 1.69434
445.258957 1.69434
445.259365 1.69434
445.25976 1.69434
445.260154 1.69434
445.260539 1.69434
445.260951 1.69434
445.261349 1.69434
445.261742 1.69434
445.262135 1.69434
445.262523 1.69434
445.262913 1.69434
445.26331 1.69434
445.26372 1.69434
445.264119 1.69434
445.264507 1.69434
445.264894 1.69434
445.265293 1.69434
445.265869 1.67969
445.266306 1.67969
445.266741 1.67969
445.267184 1.67969
445.267598 1.67969
445.26802 1.67969
445.268438 1.67969
445.269105 1.67969
445.269528 1.67969
445.269953 1.67969
445.270353 1.67969
445.270748 1.67969
445.271142 1.67969
445.271527 1.67969
445.271914 1.67969
445.272318 1.67969
445.272728 1.67969
445.273164 1.67969
445.273561 1.67969
445.273983 1.67969
445.27438 1.67969
445.274768 1.67969
445.275162 1.67969
445.275549 1.67969
445.275944 1.67969
445.276535 1.67969
445.276988 1.67969
445.277405 1.67969
445.277794 1.67969
445.278191 1.67969
445.278578 1.67969
445.279026 1.67969
445.279486 1.67969
445.27999 1.67969
445.280401 1.67969
445.280792 1.67969
445.281186 1.67969
445.281572 1.67969
445.281992 1.67969
445.282391 1.67969
445.28278 1.67969
445.28317 1.67969
445.283555 1.67969
445.283976 1.67969
445.284376 1.67969
445.28477 1.67969
445.28517 1.67969
445.285557 1.67969
445.285975 1.67969
445.286387 1.67969
445.287081 1.67969
445.2875 1.67969
445.287898 1.67969
445.2883 1.67969
445.288711 1.67969
445.28911 1.67969
445.289531 1.67969
445.290005 1.67969
445.290428 1.67969
445.290823 1.67969
445.291218 1.67969
445.291613 1.67969
445.292031 1.67969
445.292429 1.67969
445.292843 1.67969
445.293271 1.67969
445.293667 1.67969
445.294092 1.67969
445.294487 1.67969
445.294877 1.67969
445.29528 1.67969
445.295667 1.67969
445.296088 1.67969
445.296474 1.67969
445.296888 1.67969
445.297505 1.68945
445.297951 1.68945
445.298359 1.68945
445.298754 1.68945
445.299149 1.68945
445.299539 1.68945
445.299989 1.68945
445.30045 1.68945
445.300859 1.68945
445.301267 1.68945
445.301664 1.68945
445.302103 1.68945
445.302494 1.68945
445.302887 1.68945
445.30329 1.68945
445.303677 1.68945
445.3041 1.68945
445.304492 1.68945
445.304884 1.68945
445.30529 1.68945
445.305677 1.68945
445.3061 1.68945
445.306486 1.68945
445.306874 1.68945
445.30729 1.68945
445.3078 1.68945
445.308218 1.68945
445.30862 1.68945
445.309045 1.68945
445.309438 1.68945
445.309828 1.68945
445.31022 1.68945
445.310647 1.68945
445.311124 1.68945
445.311536 1.68945
445.311959 1.68945
445.312365 1.68945
445.312756 1.68945
445.313152 1.68945
445.313543 1.68945
445.313968 1.68945
445.314407 1.68945
445.314818 1.68945
445.315219 1.68945
445.315608 1.68945
445.316022 1.68945
445.316415 1.68945
445.316811 1.68945
445.317219 1.68945
445.317774 1.68945
445.318407 1.68457
445.318846 1.68457
445.319293 1.68457
445.319744 1.68457
445.320185 1.68457
445.320616 1.68457
445.321121 1.68457
445.321677 1.68457
445.322172 1.68457
445.322605 1.68457
445.323066 1.68457
445.323498 1.68457
445.323911 1.68457
445.324347 1.68457
445.324772 1.68457
445.325205 1.68457
445.325606 1.68457
445.326058 1.68457
445.326513 1.68457
445.326981 1.68457
445.327427 1.68457
445.327848 1.68457
445.328359 1.68457
445.328826 1.68457
445.329251 1.68457
445.329648 1.68457
445.330093 1.68457
445.330501 1.68457
445.330897 1.68457
445.331302 1.68457
445.331762 1.68457
445.332219 1.68457
445.332631 1.68457
445.333064 1.68457
445.333461 1.68457
445.333876 1.68457
445.334301 1.68457
445.334718 1.68457
445.335109 1.68457
445.335494 1.68457
445.335882 1.68457
445.336286 1.68457
445.336678 1.68457
445.33711 1.68457
445.337499 1.68457
445.337892 1.68457
445.338324 1.68457
445.339061 1.67969
445.339531 1.67969
445.339984 1.67969
445.340441 1.67969
445.340874 1.67969
445.341325 1.67969
445.341761 1.67969
445.342225 1.67969
445.342767 1.67969
445.343226 1.67969
445.343652 1.67969
445.344117 1.67969
445.344535 1.67969
445.344992 1.67969
445.345424 1.67969
445.345828 1.67969
445.34624 1.67969
445.346646 1.67969
445.347086 1.67969
445.347498 1.67969
445.347899 1.67969
445.348315 1.67969
445.348737 1.67969
445.349247 1.67969
445.349663 1.67969
445.350099 1.67969
445.350499 1.67969
445.35091 1.67969
445.351351 1.67969
445.351761 1.67969
445.352169 1.67969
445.352571 1.67969
445.353102 1.67969
445.353533 1.67969
445.353969 1.67969
445.354372 1.67969
445.354765 1.67969
445.355161 1.67969
445.35555 1.67969
445.355974 1.67969
445.356376 1.67969
445.35677 1.67969
445.357166 1.67969
445.357559 1.67969
445.357984 1.67969
445.35838 1.67969
445.358773 1.67969
445.3593 1.67969
445.35975 1.67969
445.360162 1.67969
445.360551 1.67969
445.360973 1.67969
445.361372 1.67969
445.361763 1.67969
445.362157 1.67969
445.36255 1.67969
445.362947 1.67969
445.363581 1.67969
445.364027 1.67969
445.364447 1.67969
445.364878 1.67969
445.365415 1.67969
445.365891 1.67969
445.366412 1.67969
445.366951 1.67969
445.367537 1.67969
445.368078 1.67969
445.368554 1.67969
445.369057 1.67969
445.369641 1.7041
445.370197 1.7041
445.37064 1.7041
445.371147 1.7041
445.371593 1.7041
445.372108 1.7041
445.372589 1.7041
445.373101 1.7041
445.373636 1.7041
445.374302 1.7041
445.374951 1.7041
445.375479 1.7041
445.37601 1.7041
445.376497 1.7041
445.377023 1.7041
445.377553 1.7041
445.378105 1.7041
445.378567 1.7041
445.379072 1.7041
445.379534 1.7041
445.380145 1.7041
445.380632 1.7041
445.381085 1.7041
445.381501 1.7041
445.381922 1.7041
445.382341 1.7041
445.38275 1.7041
445.383159 1.7041
445.383563 1.7041
445.384005 1.7041
445.384447 1.7041
445.384893 1.7041
445.3853 1.7041
445.385685 1.7041
445.386113 1.7041
445.38652 1.7041
445.386957 1.7041
445.387374 1.7041
445.387786 1.7041
445.388256 1.7041
445.388674 1.7041
445.389152 1.7041
445.389584 1.7041
445.390039 1.7041
445.390574 1.7041
445.391119 1.7041
445.39156 1.7041
445.392037 1.7041
445.392481 1.7041
445.392901 1.7041
445.393312 1.7041
445.393741 1.7041
445.394152 1.7041
445.39455 1.7041
445.395036 1.7041
445.395534 1.7041
445.395983 1.7041
445.39639 1.7041
445.39678 1.7041
445.39717 1.7041
445.397558 1.7041
445.397978 1.7041
445.398369 1.7041
445.398759 1.7041
445.399148 1.7041
445.399533 1.7041
445.399944 1.7041
445.400331 1.7041
445.400854 1.7041
445.401281 1.7041
445.401677 1.7041
445.402101 1.7041
445.402488 1.7041
445.402873 1.7041
445.403273 1.7041
445.403662 1.7041
445.404082 1.7041
445.404467 1.7041
445.404856 1.7041
445.40525 1.7041
445.405668 1.7041
445.406151 1.7041
445.406551 1.7041
445.40697 1.7041
445.407373 1.7041
445.407766 1.7041
445.408212 1.7041
445.408603 1.7041
445.40902 1.7041
445.409414 1.7041
445.4098 1.7041
445.410194 1.7041
445.410579 1.7041
445.411153 1.69922
445.411575 1.69922
445.412003 1.69922
445.412402 1.69922
445.412797 1.69922
445.413196 1.69922
445.413589 1.69922
445.414002 1.69922
445.414396 1.69922
445.414784 1.69922
445.415177 1.69922
445.415568 1.69922
445.415983 1.69922
445.416469 1.69922
445.416885 1.69922
445.417294 1.69922
445.41768 1.69922
445.418156 1.69922
445.41855 1.69922
445.418967 1.69922
445.419365 1.69922
445.419755 1.69922
445.420145 1.69922
445.420532 1.69922
445.420944 1.69922
445.42134 1.69922
445.421766 1.69922
445.42218 1.69922
445.422571 1.69922
445.422997 1.69922
445.423389 1.69922
445.423782 1.69922
445.424217 1.69922
445.424608 1.69922
445.425031 1.69922
445.425424 1.69922
445.425813 1.69922
445.426203 1.69922
445.426641 1.69922
445.427168 1.69922
445.427578 1.69922
445.427998 1.69922
445.428393 1.69922
445.428789 1.69922
445.429226 1.69922
445.429618 1.69922
445.430041 1.69922
445.430436 1.69922
445.430825 1.69922
445.431211 1.69922
445.431866 1.67969
445.432383 1.67969
445.432841 1.67969
445.433267 1.67969
445.433663 1.67969
445.434105 1.67969
445.434515 1.67969
445.434937 1.67969
445.435374 1.67969
445.435777 1.67969
445.436183 1.67969
445.436574 1.67969
445.437012 1.67969
445.437526 1.67969
445.437979 1.67969
445.438387 1.67969
445.438779 1.67969
445.439175 1.67969
445.439561 1.67969
445.439998 1.67969
445.440396 1.67969
445.440791 1.67969
445.441179 1.67969
445.441566 1.67969
445.442048 1.67969
445.442472 1.67969
445.442868 1.67969
445.443269 1.67969
445.443655 1.67969
445.444077 1.67969
445.444465 1.67969
445.444875 1.67969
445.445287 1.67969
445.445673 1.67969
445.446094 1.67969
445.446483 1.67969
445.446868 1.67969
445.447264 1.67969
445.44776 1.67969
445.448211 1.67969
445.448622 1.67969
445.449052 1.67969
445.449464 1.67969
445.449857 1.67969
445.450252 1.67969
445.450638 1.67969
445.45106 1.67969
445.451446 1.67969
445.451836 1.67969
445.452366 1.66992
445.452791 1.66992
445.453196 1.66992
445.453586 1.66992
445.45401 1.66992
445.454406 1.66992
445.454793 1.66992
445.455189 1.66992
445.455577 1.66992
445.455998 1.66992
445.456391 1.66992
445.456785 1.66992
445.45718 1.66992
445.457566 1.66992
445.457985 1.66992
445.458459 1.66992
445.4589 1.66992
445.459313 1.66992
445.459731 1.66992
445.460137 1.66992
445.460526 1.66992
445.460919 1.66992
445.461336 1.66992
445.46175 1.66992
445.46215 1.66992
445.462544 1.66992
445.462985 1.66992
445.463391 1.66992
445.463784 1.66992
445.464184 1.66992
445.464573 1.66992
445.465 1.66992
445.46541 1.66992
445.465805 1.66992
445.466199 1.66992
445.466586 1.66992
445.467002 1.66992
445.467393 1.66992
445.467785 1.66992
445.468177 1.66992
445.468618 1.66992
445.469087 1.66992
445.46954 1.66992
445.469981 1.66992
445.470378 1.66992
445.470765 1.66992
445.471155 1.66992
445.471541 1.66992
445.471961 1.66992
445.472358 1.66992
445.472893 1.68457
445.47333 1.68457
445.473748 1.68457
445.474151 1.68457
445.474542 1.68457
445.474957 1.68457
445.475356 1.68457
445.475751 1.68457
445.476141 1.68457
445.476527 1.68457
445.476912 1.68457
445.477304 1.68457
445.477711 1.68457
445.478109 1.68457
445.478494 1.68457
445.478879 1.68457
445.47928 1.68457
445.479741 1.68457
445.480202 1.68457
445.480606 1.68457
445.481025 1.68457
445.481421 1.68457
445.481821 1.68457
445.482248 1.68457
445.482644 1.68457
445.483155 1.69434
445.483575 1.69434
445.484004 1.69434
445.484402 1.69434
445.48479 1.69434
445.485182 1.69434
445.485569 1.69434
445.485992 1.69434
445.486399 1.69434
445.48679 1.69434
445.487191 1.69434
445.487583 1.69434
445.488004 1.69434
445.488392 1.69434
445.488802 1.69434
445.489194 1.69434
445.48958 1.69434
445.489999 1.69434
445.490495 1.69434
445.490978 1.69434
445.491395 1.69434
445.491791 1.69434
445.492189 1.69434
445.49257 1.69434
445.492994 1.69434
445.493929 1.69434
445.494389 1.69434
445.494784 1.69434
445.495186 1.69434
445.495578 1.69434
445.49601 1.69434
445.496404 1.69434
445.496814 1.69434
445.49721 1.69434
445.49759 1.69434
445.498007 1.69434
445.498401 1.69434
445.498793 1.69434
445.499185 1.69434
445.49957 1.69434
445.500001 1.69434
445.500397 1.69434
445.500788 1.69434
445.501256 1.69434
445.501717 1.69434
445.502219 1.69434
445.502614 1.69434
445.503029 1.69434
445.503427 1.69434
445.503958 1.68945
445.504489 1.68945
445.505036 1.68945
445.505447 1.68945
445.50585 1.68945
445.506262 1.68945
445.50665 1.68945
445.507084 1.68945
445.507476 1.68945
445.507877 1.68945
445.508305 1.68945
445.508738 1.68945
445.509149 1.68945
445.509543 1.68945
445.50997 1.68945
445.510369 1.68945
445.510766 1.68945
445.511169 1.68945
445.511575 1.68945
445.51211 1.68945
445.512542 1.68945
445.512979 1.68945
445.513396 1.68945
445.513802 1.68945
445.514228 1.68945
445.514652 1.68945
445.515089 1.68945
445.515476 1.68945
445.515863 1.68945
445.516252 1.68945
445.516641 1.68945
445.517061 1.68945
445.51745 1.68945
445.517842 1.68945
445.518241 1.68945
445.518629 1.68945
445.519141 1.68945
445.519546 1.68945
445.520058 1.68945
445.520496 1.68945
445.52089 1.68945
445.521292 1.68945
445.521681 1.68945
445.522133 1.68945
445.522583 1.68945
445.523102 1.68945
445.523516 1.68945
445.523911 1.68945
445.524448 1.69434
445.524873 1.69434
445.52528 1.69434
445.525671 1.69434
445.526101 1.69434
445.52649 1.69434
445.526873 1.69434
445.527274 1.69434
445.527663 1.69434
445.528087 1.69434
445.528477 1.69434
445.528865 1.69434
445.529254 1.69434
445.529638 1.69434
445.530057 1.69434
445.530447 1.69434
445.530836 1.69434
445.531231 1.69434
445.531613 1.69434
445.532034 1.69434
445.532457 1.69434
445.532981 1.69434
445.533401 1.69434
445.533792 1.69434
445.534184 1.69434
445.534685 1.69434
445.535137 1.69434
445.535529 1.69434
445.535949 1.69434
445.536346 1.69434
445.536748 1.69434
445.537147 1.69434
445.537536 1.69434
445.537951 1.69434
445.538344 1.69434
445.538744 1.69434
445.539177 1.69434
445.539569 1.69434
445.539988 1.69434
445.540381 1.69434
445.540767 1.69434
445.541155 1.69434
445.541542 1.69434
445.541955 1.69434
445.542352 1.69434
445.542744 1.69434
445.543215 1.69434
445.543671 1.69434
445.544113 1.69434
445.544509 1.69434
445.545038 1.68945
445.545496 1.68945
445.545893 1.68945
445.546287 1.68945
445.546676 1.68945
445.547096 1.68945
445.547483 1.68945
445.547868 1.68945
445.548261 1.68945
445.548645 1.68945
445.549065 1.68945
445.549455 1.68945
445.549845 1.68945
445.55032 1.68945
445.550756 1.68945
445.551158 1.68945
445.551547 1.68945
445.551968 1.68945
445.552363 1.68945
445.552751 1.68945
445.553146 1.68945
445.553546 1.68945
445.554083 1.68945
445.554505 1.68945
445.554896 1.68945
445.555319 1.68945
445.555741 1.68945
445.556144 1.68945
445.556534 1.68945
445.556953 1.68945
445.557351 1.68945
445.557742 1.68945
445.55814 1.68945
445.55853 1.68945
445.558916 1.68945
445.559364 1.68945
445.559762 1.68945
445.560199 1.68945
445.560593 1.68945
445.561011 1.68945
445.561405 1.68945
445.561798 1.68945
445.562193 1.68945
445.562579 1.68945
445.563 1.68945
445.56339 1.68945
445.563777 1.68945
445.564217 1.68945
445.564673 1.68945
445.565144 1.68945
445.565656 1.68457
445.566149 1.68457
445.566548 1.68457
445.566968 1.68457
445.567366 1.68457
445.567755 1.68457
445.568144 1.68457
445.568527 1.68457
445.568914 1.68457
445.569321 1.68457
445.569734 1.68457
445.570149 1.68457
445.57054 1.68457
445.570953 1.68457
445.571351 1.68457
445.571752 1.68457
445.572153 1.68457
445.572537 1.68457
445.572951 1.68457
445.573349 1.68457
445.573757 1.68457
445.574173 1.68457
445.574595 1.68457
445.575163 1.68457
445.575583 1.68457
445.576056 1.68457
445.576512 1.68457
445.576917 1.68457
445.577331 1.68457
445.577741 1.68457
445.57815 1.68457
445.578551 1.68457
445.578974 1.68457
445.579381 1.68457
445.579781 1.68457
445.580229 1.68457
445.580634 1.68457
445.581089 1.68457
445.581498 1.68457
445.581902 1.68457
445.582315 1.68457
445.582738 1.68457
445.583153 1.68457
445.583555 1.68457
445.583986 1.68457
445.584389 1.68457
445.584792 1.68457
445.585235 1.68457
445.585729 1.68457
445.586303 1.68457
445.58675 1.68457
445.587178 1.68457
445.587587 1.68457
445.588042 1.68457
445.588469 1.68457
445.588888 1.68457
445.58934 1.68457
445.58976 1.68457
445.590195 1.68457
445.590631 1.68457
445.591113 1.68457
445.591546 1.68457
445.59201 1.68457
445.592442 1.68457
445.592879 1.68457
445.593349 1.68457
445.593786 1.68457
445.594219 1.68457
445.594636 1.68457
445.595109 1.68457
445.59556 1.68457
445.596316 1.68457
445.597046 1.7041
445.597487 1.7041
445.597926 1.7041
445.598495 1.7041
445.599097 1.7041
445.59968 1.7041
445.600294 1.7041
445.600864 1.7041
445.601451 1.7041
445.602054 1.7041
445.602598 1.7041
445.603176 1.7041
445.603736 1.7041
445.60432 1.7041
445.604838 1.7041
445.605301 1.7041
445.605848 1.7041
445.60822 1.7041
445.609404 1.7041
445.610221 1.7041
445.610754 1.7041
445.61125 1.7041
445.611761 1.7041
445.612206 1.7041
445.612637 1.7041
445.613131 1.7041
445.613649 1.7041
445.614222 1.7041
445.614768 1.7041
445.615309 1.7041
445.615829 1.7041
445.616369 1.7041
445.616899 1.7041
445.61744 1.7041
445.618017 1.7041
445.618919 1.69434
445.619485 1.69434
445.620034 1.69434
445.620478 1.69434
445.620905 1.69434
445.621354 1.69434
445.62179 1.69434
445.622232 1.69434
445.62266 1.69434
445.623131 1.69434
445.623552 1.69434
445.624012 1.69434
445.624445 1.69434
445.624863 1.69434
445.625296 1.69434
445.625746 1.69434
445.626202 1.69434
445.626621 1.69434
445.627081 1.69434
445.627497 1.69434
445.627936 1.69434
445.628382 1.69434
445.628822 1.69434
445.629271 1.69434
445.62974 1.69434
445.630193 1.69434
445.630599 1.69434
445.631063 1.69434
445.631569 1.69434
445.632137 1.69434
445.632677 1.69434
445.633357 1.69434
445.634286 1.69434
445.63533 1.69434
445.636379 1.69434
445.637479 1.69434
445.638329 1.69434
445.638837 1.69434
445.63983 1.67969
445.64074 1.67969
445.641604 1.67969
445.642678 1.67969
445.643603 1.67969
445.644529 1.67969
445.6454 1.67969
445.64607 1.67969
445.646531 1.67969
445.647006 1.67969
445.647415 1.67969
445.64781 1.67969
445.648202 1.67969
445.64859 1.67969
445.649014 1.67969
445.649409 1.67969
445.650031 1.67969
445.650434 1.67969
445.650837 1.67969
445.651227 1.67969
445.651612 1.67969
445.652029 1.67969
445.652418 1.67969
445.652805 1.67969
445.653195 1.67969
445.653576 1.67969
445.653988 1.67969
445.654385 1.67969
445.654775 1.67969
445.655164 1.67969
445.655627 1.67969
445.656251 1.67969
445.656776 1.67969
445.657217 1.67969
445.657638 1.67969
445.658115 1.67969
445.658538 1.67969
445.658984 1.67969
445.659408 1.67969
445.659828 1.67969
445.660478 1.68457
445.660894 1.68457
445.661326 1.68457
445.66175 1.68457
445.662157 1.68457
445.662554 1.68457
445.662985 1.68457
445.663399 1.68457
445.663802 1.68457
445.664201 1.68457
445.664593 1.68457
445.665019 1.68457
445.665424 1.68457
445.665822 1.68457
445.666234 1.68457
445.666633 1.68457
445.66708 1.68457
445.667512 1.68457
445.668026 1.68457
445.668436 1.68457
445.668831 1.68457
445.669226 1.68457
445.669615 1.68457
445.670034 1.68457
445.67043 1.68457
445.670983 1.68457
445.67139 1.68457
445.671792 1.68457
445.67219 1.68457
445.672577 1.68457
445.672997 1.68457
445.673398 1.68457
445.673787 1.68457
445.674179 1.68457
445.674565 1.68457
445.674983 1.68457
445.67538 1.68457
445.67577 1.68457
445.676163 1.68457
445.676553 1.68457
445.676974 1.68457
445.677371 1.68457
445.677759 1.68457
445.678151 1.68457
445.678536 1.68457
445.678949 1.68457
445.679354 1.68457
445.679748 1.68457
445.680142 1.68457
445.680528 1.68457
445.680943 1.68457
445.681522 1.68945
445.681948 1.68945
445.682357 1.68945
445.682751 1.68945
445.683144 1.68945
445.683532 1.68945
445.683954 1.68945
445.684358 1.68945
445.684752 1.68945
445.685149 1.68945
445.685537 1.68945
445.685954 1.68945
445.686355 1.68945
445.686753 1.68945
445.687146 1.68945
445.687536 1.68945
445.687949 1.68945
445.688348 1.68945
445.688739 1.68945
445.689133 1.68945
445.689522 1.68945
445.689912 1.68945
445.690311 1.68945
445.690719 1.68945
445.691119 1.68945
445.691507 1.68945
445.692006 1.68945
445.692409 1.68945
445.692811 1.68945
445.693204 1.68945
445.693589 1.68945
445.694011 1.68945
445.694401 1.68945
445.694792 1.68945
445.695186 1.68945
445.695571 1.68945
445.695992 1.68945
445.696388 1.68945
445.696774 1.68945
445.697164 1.68945
445.697551 1.68945
445.697967 1.68945
445.698363 1.68945
445.698752 1.68945
445.699142 1.68945
445.699532 1.68945
445.699948 1.68945
445.700346 1.68945
445.700742 1.68945
445.701141 1.68945
445.701528 1.68945
445.701941 1.68945
445.702461 1.68945
445.702859 1.68945
445.703273 1.68945
445.70367 1.68945
445.704099 1.68945
445.70449 1.68945
445.704882 1.68945
445.705284 1.68945
445.705675 1.68945
445.706094 1.68945
445.706485 1.68945
445.706874 1.68945
445.707274 1.68945
445.707661 1.68945
445.708082 1.68945
445.708471 1.68945
445.708868 1.68945
445.70927 1.68945
445.70966 1.68945
445.710081 1.68945
445.710469 1.68945
445.710862 1.68945
445.711262 1.68945
445.711654 1.68945
445.712075 1.68945
445.712461 1.68945
445.713048 1.68457
445.71346 1.68457
445.713864 1.68457
445.714269 1.68457
445.714662 1.68457
445.715085 1.68457
445.715475 1.68457
445.715866 1.68457
445.716266 1.68457
445.716657 1.68457
445.717082 1.68457
445.717473 1.68457
445.717867 1.68457
445.718271 1.68457
445.71866 1.68457
445.719086 1.68457
445.719477 1.68457
445.719872 1.68457
445.720274 1.68457
445.720654 1.68457
445.721074 1.68457
445.721463 1.68457
445.721853 1.68457
445.722255 1.68457
445.722646 1.68457
445.723075 1.68457
445.723643 1.68457
445.72408 1.68457
445.724486 1.68457
445.724878 1.68457
445.725279 1.68457
445.725671 1.68457
445.726094 1.68457
445.726487 1.68457
445.726881 1.68457
445.727284 1.68457
445.727672 1.68457
445.728093 1.68457
445.728485 1.68457
445.728879 1.68457
445.729281 1.68457
445.729669 1.68457
445.73009 1.68457
445.730477 1.68457
445.730864 1.68457
445.731263 1.68457
445.731652 1.68457
445.732083 1.68457
445.732475 1.68457
445.732863 1.68457
445.733265 1.68457
445.733825 1.67969
445.734247 1.67969
445.734647 1.67969
445.735087 1.67969
445.735482 1.67969
445.735876 1.67969
445.736289 1.67969
445.736676 1.67969
445.737096 1.67969
445.737482 1.67969
445.737874 1.67969
445.738272 1.67969
445.738659 1.67969
445.739083 1.67969
445.739477 1.67969
445.739869 1.67969
445.740266 1.67969
445.740652 1.67969
445.741073 1.67969
445.741463 1.67969
445.741854 1.67969
445.742257 1.67969
445.742647 1.67969
445.743073 1.67969
445.743467 1.67969
445.743951 1.67969
445.744484 1.67969
445.74488 1.67969
445.745292 1.67969
445.74572 1.67969
445.746118 1.67969
445.746511 1.67969
445.746899 1.67969
445.747303 1.67969
445.747711 1.67969
445.748114 1.67969
445.748507 1.67969
445.748895 1.67969
445.749293 1.67969
445.749686 1.67969
445.750108 1.67969
445.750495 1.67969
445.750885 1.67969
445.751281 1.67969
445.751664 1.67969
445.752086 1.67969
445.752471 1.67969
445.752858 1.67969
445.753259 1.67969
445.753642 1.67969
445.754058 1.67969
445.754547 1.67969
445.754975 1.67969
445.755376 1.67969
445.755785 1.67969
445.756289 1.67969
445.756681 1.67969
445.757102 1.67969
445.757492 1.67969
445.757886 1.67969
445.758296 1.67969
445.758681 1.67969
445.759122 1.67969
445.759508 1.67969
445.759895 1.67969
445.760294 1.67969
445.760684 1.67969
445.761111 1.67969
445.761503 1.67969
445.761893 1.67969
445.762291 1.67969
445.76268 1.67969
445.763096 1.67969
445.763482 1.67969
445.763869 1.67969
445.764266 1.67969
445.764656 1.67969
445.765196 1.67969
445.765588 1.67969
445.766015 1.67969
445.76641 1.67969
445.7668 1.67969
445.767204 1.67969
445.76761 1.67969
445.768085 1.67969
445.768502 1.67969
445.768896 1.67969
445.769298 1.67969
445.769686 1.67969
445.770108 1.67969
445.770495 1.67969
445.770879 1.67969
445.77128 1.67969
445.771674 1.67969
445.772103 1.67969
445.772494 1.67969
445.772878 1.67969
445.773277 1.67969
445.773666 1.67969
445.77408 1.67969
445.774464 1.67969
445.774849 1.67969
445.775425 1.68457
445.775824 1.68457
445.776216 1.68457
445.776601 1.68457
445.777012 1.68457
445.777416 1.68457
445.777821 1.68457
445.778214 1.68457
445.778599 1.68457
445.779016 1.68457
445.779408 1.68457
445.779795 1.68457
445.780183 1.68457
445.78057 1.68457
445.780985 1.68457
445.78138 1.68457
445.781765 1.68457
445.782157 1.68457
445.782544 1.68457
445.782949 1.68457
445.783343 1.68457
445.783739 1.68457
445.784133 1.68457
445.784517 1.68457
445.784899 1.68457
445.785296 1.68457
445.785811 1.68457
445.786233 1.68457
445.786624 1.68457
445.787046 1.68457
445.787439 1.68457
445.787832 1.68457
445.788231 1.68457
445.788619 1.68457
445.789039 1.68457
445.789436 1.68457
445.789827 1.68457
445.790216 1.68457
445.790602 1.68457
445.791028 1.68457
445.791425 1.68457
445.791814 1.68457
445.792206 1.68457
445.792603 1.68457
445.793104 1.68457
445.79354 1.68457
445.793995 1.68457
445.794444 1.68457
445.794891 1.68457
445.795336 1.68457
445.795768 1.68457
445.796199 1.68457
445.79661 1.68457
445.797077 1.68457
445.797505 1.68457
445.79792 1.68457
445.800795 1.67969
445.801729 1.67969
445.802513 1.67969
445.803328 1.67969
445.804153 1.67969
445.804915 1.67969
445.805638 1.67969
445.806369 1.67969
445.807113 1.67969
445.807807 1.67969
445.808501 1.67969
445.809223 1.67969
445.809914 1.67969
445.810884 1.68457
445.811822 1.68457
445.812664 1.68457
445.813408 1.68457
445.814132 1.68457
445.814827 1.68457
445.815534 1.68457
445.816298 1.68457
445.81702 1.68457
445.817743 1.68457
445.818446 1.68457
445.819181 1.68457
445.819914 1.68457
445.820673 1.68457
445.821618 1.68457
445.822599 1.68457
445.823509 1.68457
445.824301 1.68457
445.825088 1.68457
445.825839 1.68457
445.83293 1.68945
445.83403 1.68945
445.834788 1.68945
445.835526 1.68945
445.836159 1.68945
445.836629 1.68945
445.837082 1.68945
445.837489 1.68945
445.837891 1.68945
445.838297 1.68945
445.838718 1.68945
445.839127 1.68945
445.839521 1.68945
445.839914 1.68945
445.840318 1.68945
445.840732 1.68945
445.841134 1.68945
445.841526 1.68945
445.841914 1.68945
445.842406 1.68945
445.843194 1.68945
445.843613 1.68945
445.844107 1.68945
445.844681 1.68945
445.845145 1.68945
445.84554 1.68945
445.845961 1.68945
445.846379 1.68945
445.846777 1.68945
445.847174 1.68945
445.847561 1.68945
445.847989 1.68945
445.848389 1.68945
445.848781 1.68945
445.84918 1.68945
445.849569 1.68945
445.849987 1.68945
445.850382 1.68945
445.850773 1.68945
445.851168 1.68945
445.851554 1.68945
445.851971 1.68945
445.852427 1.68945
445.852819 1.68945
445.853485 1.68945
445.853886 1.68945
445.854303 1.68945
445.854731 1.68945
445.85513 1.68945
445.855518 1.68945
445.855904 1.68945
445.856301 1.68945
445.856709 1.68945
445.857103 1.68945
445.857492 1.68945
445.857881 1.68945
445.85828 1.68945
445.858666 1.68945
445.859083 1.68945
445.85948 1.68945
445.859891 1.68945
445.8603 1.68945
445.860759 1.68945
445.861167 1.68945
445.86156 1.68945
445.861987 1.68945
445.862397 1.68945
445.86289 1.68945
445.863342 1.68945
445.863836 1.68945
445.864503 1.68457
445.864918 1.68457
445.865392 1.68457
445.865876 1.68457
445.866334 1.68457
445.866757 1.68457
445.867326 1.68457
445.867767 1.68457
445.868212 1.68457
445.868624 1.68457
445.869101 1.68457
445.869613 1.68457
445.870084 1.68457
445.870589 1.68457
445.87105 1.68457
445.87147 1.68457
445.871888 1.68457
445.872315 1.68457
445.872758 1.68457
445.873195 1.68457
445.873627 1.68457
445.874076 1.68457
445.874491 1.68457
445.875324 1.68457
445.875803 1.68457
445.876256 1.68457
445.87667 1.68457
445.877147 1.68457
445.877562 1.68457
445.878034 1.68457
445.878591 1.68457
445.879663 1.68457
445.880306 1.68457
445.881112 1.68457
445.88179 1.68457
445.882396 1.68457
445.882967 1.68457
445.883554 1.68457
445.884222 1.68457
445.884955 1.68457
445.886053 1.69434
445.886779 1.69434
445.887465 1.69434
445.888179 1.69434
445.888868 1.69434
445.889511 1.69434
445.89023 1.69434
445.890945 1.69434
445.891625 1.69434
445.892347 1.69434
445.893049 1.69434
445.893754 1.69434
445.894411 1.69434
445.895108 1.69434
445.895814 1.69434
445.896788 1.69434
445.897416 1.69434
445.898245 1.69434
445.898928 1.69434
445.899496 1.69434
445.900099 1.69434
445.900672 1.69434
445.901264 1.69434
445.901801 1.69434
445.902358 1.69434
445.902939 1.69434
445.903496 1.69434
445.904088 1.69434
445.904588 1.69434
445.905093 1.69434
445.905549 1.69434
445.906039 1.69434
445.906738 1.69434
445.907237 1.69434
445.907717 1.69434
445.908189 1.69434
445.90877 1.69434
