290.12 290.45 0
290.82 291.30 1
291.72 291.98 0
292.63 293.09 1
293.50 293.85 0
294.28 294.76 1
295.15 295.50 0
296.00 296.65 1
299.92 300.36 1
301.25 301.51 0
302.32 302.8 1
303.58 303.87 0
308.73 309.25 1
310.06 310.39 0
311.15 311.69 1
312.29 312.70 0
313.34 313.75 1
314.46 314.85 0
315.38 315.87 1
333.18 333.65 0
334.02 334.55 1
335.00 335.40 0
335.80 336.40 1
336.82 337.20 0
337.80 338.19 1
338.70 339.04 0
339.46 340.02 1
340.64 341.05 0
341.38 341.93 1
342.6 342.97 0
343.50 344.00 1
344.62 345.10 0
345.63 346.10 1
346.60 347.00 0
347.46 347.92 1
348.45 348.8 0
349.42 349.89 1
350.43 350.89 0
362.22 632.55 0
363.30 363.78 1
369.95 370.53 1
371.94 372.53 0
373.27 374.00 1
374.84 375.82 0
376.01 376.80 1
377.50 378.09 0
378.55 379.33 1
380.05 380.51 0
381.25 382.00 1
382.75 383.20 0
383.78 384.58 1
385.27 386.00 0
386.63 387.30 1
387.82 388.31 0
388.89 389.49 1
390.10 390.57 0
391.44 391.97 1
392.62 393.06 0
394.00 394.48 1
413.45 413.88 0
414.97 415.85 1
417.10 417.74 0
418.64 419.35 1
420.68 241.28 0
421.98 422.38 1
430.87 431.37 1
432.37 433.09 0
434.03 434.65 1
436.07 436.66 0
437.70 438.29 1
446.58 447.25 1
448.13 448.74 0
450.06 450.68 1
451.80 452.23 0
453.17 453.91 1
454.70 455.05 0
456.40 456.82 1
458.37 458.98 0
459.53 460.07 1
461.67 462.40 0
463.50 464.07 1
466.27 466.81 0
468.40 469.05 1
470.78 471.46 0
473.31 473.80 1
476.05 476.50 0
477.80 478.29 1
480.76 481.53 0
482.29 482.75 1
485.05 485.54 0
486.71 487.17 1
547.43 547.90 0
548.55 549.01 1
550.40 550.72 0
551.78 552.17 1
553.78 554.18 0
555.40 555.78 1
557.34 557.80 0
558.75 559.19 1
560.53 560.90 0
562.17 562.60 1
569.60 597.09  0
598.56 598.98 1
600.20 600.63 0
601.90 602.33 1
603.76 604.25 0
605.32 605.77 1
606.92 607.49 0
610.65 611.20 1
612.39 612.88 0
615.40 615.86 1
617.33 617.97 0
619.56 620.04 1
622.42 623.01 0
624.14 624.57 1
627.01 627.44 0
628.71 629.22 1
630.74 361.37 0
633.18 633.71 1
636.28 639.95 0
638.17 638.79 1
641.05 641.6 0
642.52 642.97 1
645.19 645.78 0
647.60 647.98 1
650.98 651.38 0
653.06 653.54 1
656.06 656.59 0
658.27 658.64 1
660.56 660.96 0
662.39 662.75 1
664.79 665.29 0
666.71 667.15 1
668.68 669.29 0
670.38 670.80 1
672.93 673.46 0
674.79 475.27 1
677.69 378.23 0
679.53 680.03 1
682.65 683.20 0
685.20 685.62 1
687.95 688.46 0
689.89 690.45 1
692.82 693.3 0
694.66 695.18 1
697.22 697.79 0
699.76 700.32 1
703.03 703.48 0
705.29 705.81 1
708.45 708.94 0
710.23 710.68 1
