472.60032 1.68457
472.600753 1.68457
472.60118 1.68457
472.601586 1.68457
472.60202 1.68457
472.602436 1.68457
472.602853 1.68457
472.603482 1.68457
472.604052 1.68457
472.604568 1.68457
472.605103 1.68457
472.605614 1.68457
472.606144 1.68457
472.606739 1.68457
472.607316 1.68457
472.607896 1.68457
472.608428 1.68457
472.608968 1.68457
472.609483 1.68457
472.610028 1.68457
472.610541 1.68457
472.611074 1.68457
472.611584 1.68457
472.612119 1.68457
472.612626 1.68457
472.613163 1.68457
472.613772 1.68457
472.614306 1.68457
472.614818 1.68457
472.615326 1.68457
472.615824 1.68457
472.616325 1.68457
472.616827 1.68457
472.617528 1.68945
472.618107 1.68945
472.618631 1.68945
472.619251 1.68945
472.619771 1.68945
472.620281 1.68945
472.620784 1.68945
472.621292 1.68945
472.621795 1.68945
472.622315 1.68945
472.623019 1.68945
472.623663 1.68945
472.624298 1.68945
472.624746 1.68945
472.625178 1.68945
472.625593 1.68945
472.626026 1.68945
472.626442 1.68945
472.626865 1.68945
472.627311 1.68945
472.628122 1.68945
472.62855 1.68945
472.629008 1.68945
472.629433 1.68945
472.629916 1.68945
472.630345 1.68945
472.630759 1.68945
472.631175 1.68945
472.631582 1.68945
472.632023 1.68945
472.632433 1.68945
472.632841 1.68945
472.633264 1.68945
472.633671 1.68945
472.634143 1.68945
472.634798 1.68945
472.635224 1.68945
472.635635 1.68945
472.636082 1.68945
472.636491 1.68945
472.63692 1.68945
472.637356 1.68945
472.637777 1.68945
472.638471 1.69434
472.639059 1.69434
472.639656 1.69434
472.640212 1.69434
472.64074 1.69434
472.641261 1.69434
472.641769 1.69434
472.642274 1.69434
472.642776 1.69434
472.643284 1.69434
472.643787 1.69434
472.64429 1.69434
472.644817 1.69434
472.645407 1.69434
472.645963 1.69434
472.646486 1.69434
472.647018 1.69434
472.647529 1.69434
472.648067 1.69434
472.648754 1.68945
472.649316 1.68945
472.649833 1.68945
472.650348 1.68945
472.650973 1.68945
472.651496 1.68945
472.652038 1.68945
472.652556 1.68945
472.653099 1.68945
472.653607 1.68945
472.654142 1.68945
472.654654 1.68945
472.655219 1.68945
472.655822 1.68945
472.656355 1.68945
472.656864 1.68945
472.657372 1.68945
472.657883 1.68945
472.658409 1.68945
472.659103 1.68945
472.659736 1.68945
472.66032 1.68945
472.660879 1.68945
472.661431 1.68945
472.662007 1.68945
472.662654 1.68945
472.663249 1.68945
472.663794 1.68945
472.664332 1.68945
472.664873 1.68945
472.665396 1.68945
472.666025 1.68945
472.666758 1.68945
472.667379 1.68945
472.667985 1.68945
472.668567 1.68945
472.669334 1.68457
472.67004 1.68457
472.670657 1.68457
472.671354 1.68457
472.672025 1.68457
472.672638 1.68457
472.673284 1.68457
472.674023 1.68457
472.674614 1.68457
472.675305 1.68457
472.675903 1.68457
472.676494 1.68457
472.677259 1.68457
472.67788 1.68457
472.678433 1.68457
472.679017 1.68457
472.679609 1.68457
472.680268 1.68457
472.68084 1.68457
472.681388 1.68457
472.681964 1.68457
472.682542 1.68457
472.683156 1.68457
472.683756 1.68457
472.684354 1.68457
472.68496 1.68457
472.685562 1.68457
472.686161 1.68457
472.686729 1.68457
472.687285 1.68457
472.687955 1.68457
472.688506 1.68457
472.689066 1.68457
472.68959 1.68457
472.690331 1.67969
472.690867 1.67969
472.691386 1.67969
472.691886 1.67969
472.692392 1.67969
472.692898 1.67969
472.693403 1.67969
472.69398 1.67969
472.69456 1.67969
472.695149 1.67969
472.69574 1.67969
472.696327 1.67969
472.696888 1.67969
472.697456 1.67969
472.698112 1.67969
472.698777 1.67969
472.699364 1.67969
472.700036 1.67969
472.700745 1.67969
472.701335 1.67969
472.701879 1.67969
472.702425 1.67969
472.702986 1.67969
472.703513 1.67969
472.704065 1.67969
472.704594 1.67969
472.705145 1.67969
472.705669 1.67969
472.706222 1.67969
472.706749 1.67969
472.707277 1.67969
472.707794 1.67969
472.708307 1.67969
472.708846 1.67969
472.709425 1.67969
472.709991 1.67969
472.710663 1.68945
472.711327 1.68945
472.711854 1.68945
472.71237 1.68945
472.712872 1.68945
472.713378 1.68945
472.713881 1.68945
472.714396 1.68945
472.714915 1.68945
472.715441 1.68945
472.715976 1.68945
472.716494 1.68945
472.717025 1.68945
472.717545 1.68945
472.718109 1.68945
472.718678 1.68945
472.719339 1.68945
472.720049 1.68945
472.720649 1.68945
472.721352 1.68945
472.721996 1.68945
472.722643 1.68945
472.723244 1.68945
472.723893 1.68945
472.724405 1.68945
472.724904 1.68945
472.725574 1.68945
472.726154 1.68945
472.726879 1.68945
472.727426 1.68945
472.728103 1.68945
472.728682 1.68945
472.72929 1.68945
472.729803 1.68945
472.730494 1.68945
472.731155 1.68945
472.732188 1.68945
472.732672 1.68945
472.733145 1.68945
472.73356 1.68945
472.733988 1.68945
472.734385 1.68945
472.734774 1.68945
472.735237 1.68945
472.735635 1.68945
472.736061 1.68945
472.736447 1.68945
472.736833 1.68945
472.737226 1.68945
472.737612 1.68945
472.738027 1.68945
472.738418 1.68945
472.738806 1.68945
472.739199 1.68945
472.739581 1.68945
472.739993 1.68945
472.740423 1.68945
472.740862 1.68945
472.741278 1.68945
472.741729 1.68945
472.742258 1.68945
472.742684 1.68945
472.743143 1.68945
472.743552 1.68945
472.744046 1.68945
472.744507 1.68945
472.744989 1.68945
472.745421 1.68945
472.745836 1.68945
472.746247 1.68945
472.746645 1.68945
472.747116 1.68945
472.747517 1.68945
472.747914 1.68945
472.748332 1.68945
472.748749 1.68945
472.749158 1.68945
472.749561 1.68945
472.749991 1.68945
472.750404 1.68945
472.750824 1.68945
472.751323 1.68945
472.751755 1.68945
472.75233 1.68457
472.752788 1.68457
472.753297 1.68457
472.753737 1.68457
472.754139 1.68457
472.754527 1.68457
472.754912 1.68457
472.755314 1.68457
472.755728 1.68457
472.756125 1.68457
472.756512 1.68457
472.756901 1.68457
472.757296 1.68457
472.757682 1.68457
472.758095 1.68457
472.758481 1.68457
472.758867 1.68457
472.75926 1.68457
472.759646 1.68457
472.76007 1.68457
472.760453 1.68457
472.760838 1.68457
472.761218 1.68457
472.761816 1.68457
472.762285 1.68457
472.762819 1.68457
472.763231 1.68457
472.763624 1.68457
472.76405 1.68457
472.764438 1.68457
472.764831 1.68457
472.765224 1.68457
472.76561 1.68457
472.766021 1.68457
472.766414 1.68457
472.766808 1.68457
472.767202 1.68457
472.767586 1.68457
472.768009 1.68457
472.768405 1.68457
472.768786 1.68457
472.769176 1.68457
472.769562 1.68457
472.769978 1.68457
472.770373 1.68457
472.770827 1.68457
472.771221 1.68457
472.771643 1.68457
472.772137 1.68457
472.772541 1.68457
472.773119 1.68945
472.773547 1.68945
472.773976 1.68945
472.774377 1.68945
472.774773 1.68945
472.775166 1.68945
472.775553 1.68945
472.775971 1.68945
472.776372 1.68945
472.77676 1.68945
472.777148 1.68945
472.777534 1.68945
472.777949 1.68945
472.778344 1.68945
472.778741 1.68945
472.779136 1.68945
472.779584 1.68945
472.780011 1.68945
472.780409 1.68945
472.780798 1.68945
472.781245 1.68945
472.78164 1.68945
472.782086 1.68945
472.782553 1.68945
472.782996 1.68945
472.783422 1.68945
472.783862 1.68945
472.784326 1.68945
472.784794 1.68945
472.785194 1.68945
472.785617 1.68945
472.786124 1.68945
472.786531 1.68945
472.78696 1.68945
472.787364 1.68945
472.787756 1.68945
472.78815 1.68945
472.788634 1.68945
472.789266 1.68945
472.789834 1.68945
472.790399 1.68945
472.791128 1.68945
472.791956 1.68945
472.792807 1.68945
472.793745 1.68945
472.794623 1.68945
472.795492 1.68945
472.796374 1.68945
472.797248 1.68945
472.798129 1.68945
472.798902 1.68945
472.79933 1.68945
472.799753 1.68945
472.800161 1.68945
472.800549 1.68945
472.800968 1.68945
472.801369 1.68945
472.801835 1.68945
472.802237 1.68945
472.802623 1.68945
472.803046 1.68945
472.803443 1.68945
472.803972 1.68457
472.804403 1.68457
472.804805 1.68457
472.805201 1.68457
472.805585 1.68457
472.80601 1.68457
472.806404 1.68457
472.806795 1.68457
472.807187 1.68457
472.807577 1.68457
472.807998 1.68457
472.808394 1.68457
472.80878 1.68457
472.809173 1.68457
472.809561 1.68457
472.809976 1.68457
472.810448 1.68457
472.810848 1.68457
472.81125 1.68457
472.811634 1.68457
472.812057 1.68457
472.812447 1.68457
472.812834 1.68457
472.813231 1.68457
472.813622 1.68457
472.814114 1.68457
472.814781 1.68457
472.815195 1.68457
472.815589 1.68457
472.816006 1.68457
472.816407 1.68457
472.816795 1.68457
472.817187 1.68457
472.817573 1.68457
472.817993 1.68457
472.818395 1.68457
472.818786 1.68457
472.819248 1.68457
472.819641 1.68457
472.820069 1.68457
472.820461 1.68457
472.820852 1.68457
472.821251 1.68457
472.821664 1.68457
472.822233 1.68457
472.822806 1.68457
472.823852 1.68457
472.825173 1.68457
472.825795 1.68457
472.826388 1.68457
472.82694 1.68457
472.827673 1.68457
472.828575 1.68457
472.829391 1.68457
472.830322 1.68457
472.830917 1.68457
472.831793 1.68457
472.832556 1.68457
472.833288 1.68457
472.833901 1.68457
472.834359 1.68457
472.834739 1.68457
472.83522 1.68457
472.835608 1.68457
472.836004 1.68457
472.836373 1.68457
472.836741 1.68457
472.837105 1.68457
472.837457 1.68457
472.837809 1.68457
472.838163 1.68457
472.838511 1.68457
472.838868 1.68457
472.839242 1.68457
472.839593 1.68457
472.839973 1.68457
472.840329 1.68457
472.84068 1.68457
472.841068 1.68457
472.841476 1.68457
472.841831 1.68457
472.842193 1.68457
472.842543 1.68457
472.842895 1.68457
472.843261 1.68457
472.84361 1.68457
472.843984 1.68457
472.844336 1.68457
472.844683 1.68457
472.845055 1.68457
472.845469 1.68457
472.845863 1.68457
472.846238 1.68457
472.846601 1.68457
472.847004 1.68457
472.847375 1.68457
472.847848 1.68457
472.848448 1.68457
472.849068 1.68457
472.849655 1.68457
472.850375 1.68457
472.851012 1.68457
472.851562 1.68457
472.852114 1.68457
472.852657 1.68457
472.853308 1.68457
472.853895 1.68457
472.854795 1.68457
472.855429 1.68457
472.856112 1.68457
472.856761 1.68457
472.857375 1.68457
472.857957 1.68457
472.858558 1.68457
472.85918 1.68457
472.8598 1.68457
472.860284 1.68457
472.860639 1.68457
472.861024 1.68457
472.861376 1.68457
472.861739 1.68457
472.862154 1.68457
472.862504 1.68457
472.862859 1.68457
472.863227 1.68457
472.863574 1.68457
472.863955 1.68457
472.864317 1.68457
472.864665 1.68457
472.865047 1.68457
472.865397 1.68457
472.865749 1.68457
472.866193 1.68945
472.86658 1.68945
472.866981 1.68945
472.867354 1.68945
472.867727 1.68945
472.868085 1.68945
472.868437 1.68945
472.868788 1.68945
472.869141 1.68945
472.869488 1.68945
472.869899 1.68945
472.870265 1.68945
472.870611 1.68945
472.870985 1.68945
472.871341 1.68945
472.871712 1.68945
472.872068 1.68945
472.872413 1.68945
472.872763 1.68945
472.873116 1.68945
472.873463 1.68945
472.87381 1.68945
472.87416 1.68945
472.874508 1.68945
472.874863 1.68945
472.875233 1.68945
472.87558 1.68945
472.875981 1.68945
472.876396 1.68945
472.876822 1.68945
472.877228 1.68945
472.877715 1.68945
472.878136 1.68945
472.878534 1.68945
472.878968 1.68945
472.879385 1.68945
472.879783 1.68945
472.880175 1.68945
472.88056 1.68945
472.880977 1.68945
472.881371 1.68945
472.88176 1.68945
472.882149 1.68945
472.88259 1.68945
472.883009 1.68945
472.883399 1.68945
472.883783 1.68945
472.884175 1.68945
472.88456 1.68945
472.88497 1.68945
472.885362 1.68945
472.88575 1.68945
472.88622 1.68945
472.88682 1.68457
472.887255 1.68457
472.887655 1.68457
472.888078 1.68457
472.888469 1.68457
472.888856 1.68457
472.889264 1.68457
472.88966 1.68457
472.890082 1.68457
472.890476 1.68457
472.890862 1.68457
472.891254 1.68457
472.891639 1.68457
472.892058 1.68457
472.892443 1.68457
472.892826 1.68457
472.893222 1.68457
472.893605 1.68457
472.894024 1.68457
472.894419 1.68457
472.894872 1.68457
472.895281 1.68457
472.895668 1.68457
472.896093 1.68457
472.89648 1.68457
472.896938 1.68457
472.897426 1.68457
472.897835 1.68457
472.898231 1.68457
472.898615 1.68457
472.899034 1.68457
472.899426 1.68457
472.899813 1.68457
472.900212 1.68457
472.900599 1.68457
472.901014 1.68457
472.901406 1.68457
472.901794 1.68457
472.90218 1.68457
472.902567 1.68457
472.902982 1.68457
472.903446 1.68457
472.90385 1.68457
472.904287 1.68457
472.904742 1.68457
472.905143 1.68457
472.905535 1.68457
472.905952 1.68457
472.906348 1.68457
472.90674 1.68457
472.907136 1.68457
472.907613 1.67969
472.908075 1.67969
472.908471 1.67969
472.908862 1.67969
472.909256 1.67969
472.90964 1.67969
472.910062 1.67969
472.910454 1.67969
472.910857 1.67969
472.911261 1.67969
472.911654 1.67969
472.912144 1.67969
472.912539 1.67969
472.912957 1.67969
472.913383 1.67969
472.913878 1.67969
472.914396 1.67969
472.914791 1.67969
472.915155 1.67969
472.915505 1.67969
472.915863 1.67969
472.916236 1.67969
472.916588 1.67969
472.91697 1.67969
472.917328 1.67969
472.917724 1.67969
472.918283 1.69434
472.918653 1.69434
472.919043 1.69434
472.919392 1.69434
472.919744 1.69434
472.920097 1.69434
472.920505 1.69434
472.920862 1.69434
472.921239 1.69434
472.92159 1.69434
472.921964 1.69434
472.922329 1.69434
472.92268 1.69434
472.923063 1.69434
472.923415 1.69434
472.923763 1.69434
472.924115 1.69434
472.924465 1.69434
472.92482 1.69434
472.925173 1.69434
472.925518 1.69434
472.925869 1.69434
472.926241 1.69434
472.926592 1.69434
472.926966 1.69434
472.927325 1.69434
472.927673 1.69434
472.92817 1.69434
472.928663 1.69434
472.929074 1.69434
472.929424 1.69434
472.929775 1.69434
472.930131 1.69434
472.930478 1.69434
472.930827 1.69434
472.93119 1.69434
472.931541 1.69434
472.931896 1.69434
472.932265 1.69434
472.932615 1.69434
472.932994 1.69434
472.933357 1.69434
472.933728 1.69434
472.934084 1.69434
472.934434 1.69434
472.934784 1.69434
472.93514 1.69434
472.935568 1.69434
472.936099 1.69434
472.93651 1.69434
472.936904 1.69434
472.937313 1.69434
472.937734 1.69434
472.938141 1.69434
472.93855 1.69434
472.939236 1.70898
472.939633 1.70898
472.94006 1.70898
472.94045 1.70898
472.940838 1.70898
472.94123 1.70898
472.941617 1.70898
472.942039 1.70898
472.942432 1.70898
472.942819 1.70898
472.943213 1.70898
472.943599 1.70898
472.944008 1.70898
472.944399 1.70898
472.944855 1.70898
472.945258 1.70898
472.945645 1.70898
472.946066 1.70898
472.946451 1.70898
472.946837 1.70898
472.94723 1.70898
472.947615 1.70898
472.948026 1.70898
472.948418 1.70898
472.948811 1.70898
472.949315 1.70898
472.949783 1.70898
472.950218 1.70898
472.950613 1.70898
472.951036 1.70898
472.951437 1.70898
472.951849 1.70898
472.952386 1.70898
472.952887 1.70898
472.953314 1.70898
472.953996 1.70898
472.954853 1.70898
472.956207 1.70898
472.957481 1.70898
472.95872 1.70898
472.959654 1.7041
472.960334 1.7041
472.960943 1.7041
472.961624 1.7041
472.962341 1.7041
472.963099 1.7041
472.963814 1.7041
472.964498 1.7041
472.96516 1.7041
472.965755 1.7041
472.966312 1.7041
472.966862 1.7041
472.967378 1.7041
472.96787 1.7041
472.968394 1.7041
472.968992 1.7041
472.969753 1.7041
472.970607 1.7041
472.971283 1.7041
472.971825 1.7041
472.972565 1.7041
472.973673 1.7041
472.97472 1.7041
472.97582 1.7041
472.976574 1.7041
472.977035 1.7041
472.977443 1.7041
472.97783 1.7041
472.978231 1.7041
472.978638 1.7041
472.979081 1.7041
472.979486 1.7041
472.980033 1.68457
472.980505 1.68457
472.980915 1.68457
472.981328 1.68457
472.981794 1.68457
472.982289 1.68457
472.982722 1.68457
472.983134 1.68457
472.983537 1.68457
472.983962 1.68457
472.984371 1.68457
472.98477 1.68457
472.985181 1.68457
472.985586 1.68457
472.986009 1.68457
472.986411 1.68457
472.986802 1.68457
472.987195 1.68457
472.987586 1.68457
472.987999 1.68457
472.988394 1.68457
472.988781 1.68457
472.989172 1.68457
472.98956 1.68457
472.989974 1.68457
472.9905 1.68457
472.990909 1.68457
472.991315 1.68457
472.991733 1.68457
472.992144 1.68457
472.992543 1.68457
472.992967 1.68457
472.993392 1.68457
472.993817 1.68457
472.994239 1.68457
472.996067 1.68457
472.996835 1.68457
472.99745 1.68457
472.998234 1.68457
472.998967 1.68457
472.999476 1.68457
472.999948 1.68457
473.000775 1.66504
473.001364 1.66504
473.002057 1.66504
473.002584 1.66504
473.003212 1.66504
473.003735 1.66504
473.004223 1.66504
473.004681 1.66504
473.005206 1.66504
473.005674 1.66504
473.006307 1.66504
473.006848 1.66504
473.00739 1.66504
473.007903 1.66504
473.008389 1.66504
473.008835 1.66504
473.009355 1.66504
473.009794 1.66504
473.01021 1.66504
473.010616 1.66504
473.011278 1.67969
473.011741 1.67969
473.012166 1.67969
473.012575 1.67969
473.013014 1.67969
473.013496 1.67969
473.013912 1.67969
473.014328 1.67969
473.014753 1.67969
473.01517 1.67969
473.015577 1.67969
473.016016 1.67969
473.016421 1.67969
473.016828 1.67969
473.017254 1.67969
473.017678 1.67969
473.01813 1.67969
473.01855 1.67969
473.018996 1.67969
473.019465 1.67969
473.020008 1.67969
473.020464 1.67969
473.020879 1.67969
473.021321 1.67969
473.021828 1.67969
473.022409 1.67969
473.023012 1.67969
473.023529 1.67969
473.024066 1.67969
473.02458 1.67969
473.025112 1.67969
473.025619 1.67969
473.026141 1.67969
473.026645 1.67969
473.027176 1.67969
473.027673 1.67969
473.028203 1.67969
473.028713 1.67969
473.029224 1.67969
473.02974 1.67969
473.030267 1.67969
473.030833 1.67969
473.031354 1.67969
473.031871 1.67969
473.032524 1.68945
473.033104 1.68945
473.033683 1.68945
473.034245 1.68945
473.034754 1.68945
473.035262 1.68945
473.035769 1.68945
473.036275 1.68945
473.036772 1.68945
473.037277 1.68945
473.037775 1.68945
473.038277 1.68945
473.038787 1.68945
473.039305 1.68945
473.039832 1.68945
473.040493 1.68945
473.041238 1.68945
473.041766 1.68945
473.0422 1.68945
473.042776 1.68945
473.043196 1.68945
473.04359 1.68945
473.044008 1.68945
473.044457 1.68945
473.044873 1.68945
473.045274 1.68945
473.045655 1.68945
473.046105 1.68945
473.046507 1.68945
473.0469 1.68945
473.047303 1.68945
473.047717 1.68945
473.048117 1.68945
473.048503 1.68945
473.048896 1.68945
473.049298 1.68945
473.049686 1.68945
473.050145 1.68945
473.050541 1.68945
473.05096 1.68945
473.051367 1.68945
473.05195 1.68945
473.052488 1.68945
473.053049 1.67969
473.053469 1.67969
473.053866 1.67969
473.054267 1.67969
473.05465 1.67969
473.05509 1.67969
473.05548 1.67969
473.055868 1.67969
473.056271 1.67969
473.056653 1.67969
473.057082 1.67969
473.057467 1.67969
473.057854 1.67969
473.058258 1.67969
473.058644 1.67969
473.059074 1.67969
473.059464 1.67969
473.059855 1.67969
473.060324 1.67969
473.060741 1.67969
473.061141 1.67969
473.061543 1.67969
473.061987 1.67969
473.06259 1.67969
473.063215 1.67969
473.063654 1.67969
473.064113 1.67969
473.064516 1.67969
473.064917 1.67969
473.065328 1.67969
473.065751 1.67969
473.066196 1.67969
473.066599 1.67969
473.067048 1.67969
473.067538 1.67969
473.068294 1.67969
473.068798 1.67969
473.069223 1.67969
473.069622 1.67969
473.070082 1.67969
473.07049 1.67969
473.070899 1.67969
473.071321 1.67969
473.071749 1.67969
473.072176 1.67969
473.07258 1.67969
473.073171 1.67969
473.073885 1.66504
473.074337 1.66504
473.074754 1.66504
473.075168 1.66504
473.075569 1.66504
473.076008 1.66504
473.076425 1.66504
473.076914 1.66504
473.077335 1.66504
473.07776 1.66504
473.078177 1.66504
473.078573 1.66504
473.079004 1.66504
473.079414 1.66504
473.079818 1.66504
473.080235 1.66504
473.080639 1.66504
473.08109 1.66504
473.081496 1.66504
473.081904 1.66504
473.082319 1.66504
473.082748 1.66504
473.083169 1.66504
473.083828 1.66504
473.084425 1.66504
473.084854 1.66504
473.085423 1.66504
473.085849 1.66504
473.086272 1.66504
473.086677 1.66504
473.087145 1.66504
473.087556 1.66504
473.087996 1.66504
473.088409 1.66504
473.088815 1.66504
473.089228 1.66504
473.089618 1.66504
473.090061 1.66504
473.09047 1.66504
473.090872 1.66504
473.091291 1.66504
473.091718 1.66504
473.092141 1.66504
473.092547 1.66504
473.092987 1.66504
473.093413 1.66504
473.093902 1.66504
473.094667 1.69922
473.095292 1.69922
473.095748 1.69922
473.096173 1.69922
473.09657 1.69922
473.096996 1.69922
473.097411 1.69922
473.097816 1.69922
473.098237 1.69922
473.09864 1.69922
473.099097 1.69922
473.09953 1.69922
473.099992 1.69922
473.100402 1.69922
473.100789 1.69922
473.101255 1.69922
473.10165 1.69922
473.102078 1.69922
473.102462 1.69922
473.102863 1.69922
473.103273 1.69922
473.103657 1.69922
473.104088 1.69922
473.104548 1.69922
473.104964 1.69922
473.105731 1.69922
473.106158 1.69922
473.106546 1.69922
473.106967 1.69922
473.107378 1.69922
473.10777 1.69922
473.108172 1.69922
473.108551 1.69922
473.109027 1.69922
473.109428 1.69922
473.109813 1.69922
473.110207 1.69922
473.11059 1.69922
473.111001 1.69922
473.111393 1.69922
473.111775 1.69922
473.112174 1.69922
473.112556 1.69922
473.112968 1.69922
473.113366 1.69922
473.113822 1.69922
473.114222 1.69922
473.114632 1.69922
473.115285 1.7041
473.115908 1.7041
473.116462 1.7041
473.116864 1.7041
473.117264 1.7041
473.117646 1.7041
473.118075 1.7041
473.118457 1.7041
473.118848 1.7041
473.119242 1.7041
473.119621 1.7041
473.120042 1.7041
473.120422 1.7041
473.120859 1.7041
473.121262 1.7041
473.121646 1.7041
473.12207 1.7041
473.122454 1.7041
473.122844 1.7041
473.123237 1.7041
473.123621 1.7041
473.124051 1.7041
473.124446 1.7041
473.124835 1.7041
473.125314 1.68945
473.125732 1.68945
473.126124 1.68945
473.126896 1.68945
473.127331 1.68945
473.127745 1.68945
473.128179 1.68945
473.12857 1.68945
473.128988 1.68945
473.129384 1.68945
473.129771 1.68945
473.130164 1.68945
473.130548 1.68945
473.130968 1.68945
473.131363 1.68945
473.131758 1.68945
473.132153 1.68945
473.132533 1.68945
473.132912 1.68945
473.133312 1.68945
473.133722 1.68945
473.134121 1.68945
473.134576 1.68945
473.134996 1.68945
473.135399 1.68945
473.135906 1.68945
473.136309 1.68945
473.136828 1.68945
473.137382 1.68945
473.13779 1.68945
473.13819 1.68945
473.138572 1.68945
473.138992 1.68945
473.139384 1.68945
473.13977 1.68945
473.140167 1.68945
473.140548 1.68945
473.14098 1.68945
473.141378 1.68945
473.14177 1.68945
473.142219 1.68945
473.142606 1.68945
473.143029 1.68945
473.143432 1.68945
473.143833 1.68945
473.144255 1.68945
473.144642 1.68945
473.14507 1.68945
473.145454 1.68945
473.146002 1.68945
473.146752 1.68945
473.147195 1.68945
473.147647 1.68945
473.148101 1.68945
473.148509 1.68945
473.149005 1.68945
473.149427 1.68945
473.149842 1.68945
473.150255 1.68945
473.15066 1.68945
473.151104 1.68945
473.151513 1.68945
473.151931 1.68945
473.15235 1.68945
473.152758 1.68945
473.153169 1.68945
473.153578 1.68945
473.154034 1.68945
473.15445 1.68945
473.154936 1.68945
473.155368 1.68945
473.155778 1.68945
473.156196 1.68945
473.156622 1.68945
473.157129 1.68945
473.157552 1.68945
473.158016 1.68945
473.158435 1.68945
473.158849 1.68945
473.159268 1.68945
473.159677 1.68945
473.160131 1.68945
473.160537 1.68945
473.16098 1.68945
473.1614 1.68945
473.161812 1.68945
473.162294 1.68945
473.162742 1.68945
473.163157 1.68945
473.163571 1.68945
473.164017 1.68945
473.164435 1.68945
473.164854 1.68945
473.165278 1.68945
473.165709 1.68945
473.166129 1.68945
473.166542 1.68945
473.167238 1.69922
473.167681 1.69922
473.168146 1.69922
473.16857 1.69922
473.169033 1.69922
473.169526 1.69922
473.169982 1.69922
473.170403 1.69922
473.170817 1.69922
473.171237 1.69922
473.171646 1.69922
473.172092 1.69922
473.172506 1.69922
473.172928 1.69922
473.173356 1.69922
473.173768 1.69922
473.174178 1.69922
473.174582 1.69922
473.175043 1.69922
473.175462 1.69922
473.175872 1.69922
473.176291 1.69922
473.176734 1.69922
473.177181 1.69922
473.177608 1.69922
473.1781 1.69922
473.178515 1.69922
473.179013 1.69922
473.17949 1.69922
473.17993 1.69922
473.180366 1.69922
473.180787 1.69922
473.181216 1.69922
473.181621 1.69922
473.182073 1.69922
473.182486 1.69922
473.182915 1.69922
473.183349 1.69922
473.183779 1.69922
473.184304 1.69922
473.184804 1.69922
473.185237 1.69922
473.185648 1.69922
473.1861 1.69922
473.186511 1.69922
473.186962 1.69922
473.187528 1.68457
473.188001 1.68457
473.188449 1.68457
473.188931 1.68457
473.189429 1.68457
473.189837 1.68457
473.190244 1.68457
473.190635 1.68457
473.191062 1.68457
473.191456 1.68457
473.191908 1.68457
473.192309 1.68457
473.192724 1.68457
473.193123 1.68457
473.19351 1.68457
473.193897 1.68457
473.194294 1.68457
473.194682 1.68457
473.195101 1.68457
473.195486 1.68457
473.195875 1.68457
473.196277 1.68457
473.196663 1.68457
473.197081 1.68457
473.197468 1.68457
473.19816 1.68457
473.198586 1.68457
473.199018 1.68457
473.199478 1.68457
473.199887 1.68457
473.200294 1.68457
473.200683 1.68457
473.201106 1.68457
473.201499 1.68457
473.201891 1.68457
473.202293 1.68457
473.202679 1.68457
473.203096 1.68457
473.203482 1.68457
473.203869 1.68457
473.204267 1.68457
473.204655 1.68457
473.205082 1.68457
473.205477 1.68457
473.205872 1.68457
473.206289 1.68457
473.206722 1.68457
473.207142 1.68457
473.207602 1.68457
473.208194 1.68457
473.208621 1.68457
473.209056 1.68457
473.209459 1.68457
473.209868 1.68457
473.210292 1.68457
473.21073 1.68457
473.21115 1.68457
473.211555 1.68457
473.212013 1.68457
473.212447 1.68457
473.212869 1.68457
473.213312 1.68457
473.213739 1.68457
473.214166 1.68457
473.214582 1.68457
473.215121 1.68457
473.215568 1.68457
473.216033 1.68457
473.216453 1.68457
473.216872 1.68457
473.217304 1.68457
473.217741 1.68457
473.218155 1.68457
473.218815 1.68945
473.219278 1.68945
473.219734 1.68945
473.22016 1.68945
473.220589 1.68945
473.221035 1.68945
473.221457 1.68945
473.221878 1.68945
473.222306 1.68945
473.222738 1.68945
473.223169 1.68945
473.223667 1.68945
473.224115 1.68945
473.224504 1.68945
473.224891 1.68945
473.225291 1.68945
473.225685 1.68945
473.226104 1.68945
473.22649 1.68945
473.226879 1.68945
473.227278 1.68945
473.227667 1.68945
473.228085 1.68945
473.228476 1.68945
473.228993 1.68945
473.229423 1.68945
473.229813 1.68945
473.230202 1.68945
473.230589 1.68945
473.231074 1.68945
473.231482 1.68945
473.2319 1.68945
473.232454 1.68945
473.233186 1.68945
473.233661 1.68945
473.23421 1.68945
473.23468 1.68945
473.235177 1.68945
473.235628 1.68945
473.236167 1.68945
473.236737 1.68945
473.237223 1.68945
473.237673 1.68945
473.238149 1.68945
473.238596 1.68945
473.239251 1.68945
473.239778 1.68945
473.240263 1.68945
473.240757 1.68945
473.241242 1.68945
473.241719 1.68945
473.242173 1.68945
473.242643 1.68945
473.243144 1.68945
473.243601 1.68945
473.24418 1.68945
473.244635 1.68945
473.245115 1.68945
473.24555 1.68945
473.246015 1.68945
473.246575 1.68945
473.247051 1.68945
473.247494 1.68945
473.247931 1.68945
473.24838 1.68945
473.248825 1.68945
473.249307 1.68945
473.249999 1.68945
473.250462 1.68945
473.2509 1.68945
473.251343 1.68945
473.25178 1.68945
473.25222 1.68945
473.25265 1.68945
473.253122 1.68945
473.253562 1.68945
473.254013 1.68945
473.25443 1.68945
473.254848 1.68945
473.255273 1.68945
473.255751 1.68945
473.256173 1.68945
473.256595 1.68945
473.257045 1.68945
473.257492 1.68945
473.257936 1.68945
473.25839 1.68945
473.258846 1.68945
473.259315 1.68945
473.260025 1.68457
473.260555 1.68457
473.261073 1.68457
473.261535 1.68457
473.262031 1.68457
473.262489 1.68457
473.263066 1.68457
473.26352 1.68457
473.263994 1.68457
473.264425 1.68457
473.2649 1.68457
473.265381 1.68457
473.265855 1.68457
473.266339 1.68457
473.266824 1.68457
473.267307 1.68457
473.267773 1.68457
473.268248 1.68457
473.268737 1.68457
473.269226 1.68457
473.26979 1.68457
473.270515 1.68457
473.271102 1.68457
473.271591 1.68457
473.272103 1.68457
473.27253 1.68457
473.27307 1.68457
473.273514 1.68457
473.273962 1.68457
473.274415 1.68457
473.274843 1.68457
473.275284 1.68457
473.275732 1.68457
473.276158 1.68457
473.276578 1.68457
473.277033 1.68457
473.277464 1.68457
473.277977 1.68457
473.27842 1.68457
473.278848 1.68457
473.279282 1.68457
473.279726 1.68457
473.280156 1.68457
473.280601 1.68457
473.281344 1.68945
473.281925 1.68945
473.282383 1.68945
473.282813 1.68945
473.283245 1.68945
473.283664 1.68945
473.284119 1.68945
473.28454 1.68945
473.284988 1.68945
473.285407 1.68945
473.285813 1.68945
473.286278 1.68945
473.286757 1.68945
473.28718 1.68945
473.287589 1.68945
473.288023 1.68945
473.288436 1.68945
473.288871 1.68945
473.289371 1.68945
473.289804 1.68945
473.290219 1.68945
473.290718 1.68945
473.291204 1.68945
473.291657 1.68945
473.292109 1.68945
473.292526 1.68945
473.292968 1.68945
473.293385 1.68945
473.293792 1.68945
473.294199 1.68945
473.294598 1.68945
473.295026 1.68945
473.295446 1.68945
473.295854 1.68945
473.296268 1.68945
473.296668 1.68945
473.29711 1.68945
473.297517 1.68945
473.297952 1.68945
473.298372 1.68945
473.298778 1.68945
473.29926 1.68945
473.299666 1.68945
473.300105 1.68945
473.300507 1.68945
473.300908 1.68945
473.301323 1.68945
473.301874 1.7041
473.302359 1.7041
473.302771 1.7041
473.303182 1.7041
473.303588 1.7041
473.304025 1.7041
473.304436 1.7041
473.304837 1.7041
473.305251 1.7041
473.305666 1.7041
473.30612 1.7041
473.306527 1.7041
473.307028 1.7041
473.307451 1.7041
473.307857 1.7041
473.308277 1.7041
473.308686 1.7041
473.309118 1.7041
473.309524 1.7041
473.309957 1.7041
473.310367 1.7041
473.310776 1.7041
473.311182 1.7041
473.31158 1.7041
473.312108 1.7041
473.312547 1.7041
473.313066 1.7041
473.313492 1.7041
473.313899 1.7041
473.314314 1.7041
473.314738 1.7041
473.315148 1.7041
473.315554 1.7041
473.315989 1.7041
473.31641 1.7041
473.316814 1.7041
473.317219 1.7041
473.317623 1.7041
473.318057 1.7041
473.318462 1.7041
473.318864 1.7041
473.319277 1.7041
473.319676 1.7041
473.320109 1.7041
473.320516 1.7041
473.321011 1.7041
473.321426 1.7041
473.321832 1.7041
473.322389 1.69434
473.322826 1.69434
473.323259 1.69434
473.323667 1.69434
473.324108 1.69434
473.324515 1.69434
473.324917 1.69434
473.325335 1.69434
473.325746 1.69434
473.326155 1.69434
473.326569 1.69434
473.327023 1.69434
473.327437 1.69434
473.32784 1.69434
473.328252 1.69434
473.328727 1.69434
473.329142 1.69434
473.329551 1.69434
473.32999 1.69434
473.330403 1.69434
473.330812 1.69434
473.331222 1.69434
473.331628 1.69434
473.332071 1.69434
473.332487 1.69434
473.333109 1.68457
473.333544 1.68457
473.333983 1.68457
473.3344 1.68457
473.33481 1.68457
473.335277 1.68457
473.335721 1.68457
473.336137 1.68457
473.336537 1.68457
473.336976 1.68457
473.3374 1.68457
473.337803 1.68457
473.338207 1.68457
473.338606 1.68457
473.339036 1.68457
473.339447 1.68457
473.339855 1.68457
473.340273 1.68457
473.340776 1.68457
473.341339 1.68457
473.341847 1.68457
473.342356 1.68457
473.342859 1.68457
473.343489 1.68457
473.344077 1.68457
473.344603 1.68457
473.345138 1.68457
473.345643 1.68457
473.346178 1.68457
473.346679 1.68457
473.347217 1.68457
473.347748 1.68457
473.348281 1.68457
473.348789 1.68457
473.34936 1.68457
473.349907 1.68457
473.350426 1.68457
473.350953 1.68457
473.351464 1.68457
473.351989 1.68457
473.352499 1.68457
473.353033 1.68457
473.353736 1.67969
473.354299 1.67969
473.354815 1.67969
473.35532 1.67969
473.355817 1.67969
473.356362 1.67969
473.35687 1.67969
473.357377 1.67969
473.357873 1.67969
473.358384 1.67969
473.358899 1.67969
473.359413 1.67969
473.359914 1.67969
473.360426 1.67969
473.360955 1.67969
473.361468 1.67969
473.361995 1.67969
473.362561 1.67969
473.363105 1.67969
473.36362 1.67969
473.364202 1.67969
473.364747 1.67969
473.365267 1.67969
473.365769 1.67969
473.366268 1.67969
473.366759 1.67969
473.367262 1.67969
473.367761 1.67969
473.368266 1.67969
473.368764 1.67969
473.369279 1.67969
473.369791 1.67969
473.370292 1.67969
473.370851 1.67969
473.37137 1.67969
473.371877 1.67969
473.372382 1.67969
473.372881 1.67969
473.373383 1.67969
473.373885 1.67969
473.374587 1.66504
473.375153 1.66504
473.37557 1.66504
473.376006 1.66504
473.376399 1.66504
473.376791 1.66504
473.377183 1.66504
473.377571 1.66504
473.377994 1.66504
473.378389 1.66504
473.378891 1.66504
473.379305 1.66504
473.379726 1.66504
473.380132 1.66504
473.380521 1.66504
473.380908 1.66504
473.381302 1.66504
473.381686 1.66504
473.3821 1.66504
473.382489 1.66504
473.382879 1.66504
473.383278 1.66504
473.383664 1.66504
473.384082 1.66504
473.384516 1.66504
473.385012 1.66504
473.385411 1.66504
473.3858 1.66504
473.38619 1.66504
473.386575 1.66504
473.386996 1.66504
473.387386 1.66504
473.387778 1.66504
473.388174 1.66504
473.388558 1.66504
473.388969 1.66504
473.389363 1.66504
473.389751 1.66504
473.390148 1.66504
473.390587 1.66504
473.391019 1.66504
473.391414 1.66504
473.391801 1.66504
473.392188 1.66504
473.392571 1.66504
473.393018 1.66504
473.393412 1.66504
473.393796 1.66504
473.394191 1.66504
473.394631 1.66504
473.395244 1.67969
473.395718 1.67969
473.396125 1.67969
473.396513 1.67969
473.396898 1.67969
473.397375 1.67969
473.397907 1.67969
473.398485 1.67969
473.399066 1.67969
473.399574 1.67969
473.400111 1.67969
473.400644 1.67969
473.401191 1.67969
473.401623 1.67969
473.402007 1.67969
473.402362 1.67969
473.40273 1.67969
473.403088 1.67969
473.403437 1.67969
473.403786 1.67969
473.404139 1.67969
473.404487 1.67969
473.404846 1.67969
473.405219 1.67969
473.405593 1.67969
473.40597 1.67969
473.40633 1.67969
473.406677 1.67969
473.407061 1.67969
473.407471 1.67969
473.407856 1.67969
473.408209 1.67969
473.408556 1.67969
473.408911 1.67969
473.409281 1.67969
473.409632 1.67969
473.410007 1.67969
473.410355 1.67969
473.410727 1.67969
473.411083 1.67969
473.411431 1.67969
473.411784 1.67969
473.412206 1.67969
473.41256 1.67969
473.41291 1.67969
473.413268 1.67969
473.413619 1.67969
473.413989 1.67969
473.414345 1.67969
473.414708 1.67969
473.415062 1.67969
473.415503 1.64063
473.41589 1.64063
473.416263 1.64063
473.416612 1.64063
473.416987 1.64063
473.417397 1.64063
473.41775 1.64063
473.418101 1.64063
473.418448 1.64063
473.418798 1.64063
473.419149 1.64063
473.419494 1.64063
473.419845 1.64063
473.420209 1.64063
473.420557 1.64063
473.420942 1.64063
473.421364 1.64063
473.421763 1.64063
473.422162 1.64063
473.422567 1.64063
473.423206 1.64063
473.423637 1.64063
473.42412 1.64063
473.42452 1.64063
473.424911 1.64063
473.425309 1.64063
473.427045 1.64063
473.427644 1.64063
473.428193 1.64063
473.428928 1.64063
473.429385 1.64063
473.429835 1.64063
473.430289 1.64063
473.430764 1.64063
473.431288 1.64063
473.431739 1.64063
473.432169 1.64063
473.432579 1.64063
473.433029 1.64063
473.433497 1.64063
473.43392 1.64063
473.434348 1.64063
473.434762 1.64063
473.435179 1.64063
473.435584 1.64063
473.436307 1.62598
473.436769 1.62598
473.437202 1.62598
473.437613 1.62598
473.438054 1.62598
473.438462 1.62598
473.438881 1.62598
473.439354 1.62598
473.439777 1.62598
473.440199 1.62598
473.440608 1.62598
473.44106 1.62598
473.441481 1.62598
473.441902 1.62598
473.442324 1.62598
473.44276 1.62598
473.443186 1.62598
473.443595 1.62598
473.444047 1.62598
473.444465 1.62598
473.444887 1.62598
473.44537 1.62598
473.445799 1.62598
473.446223 1.62598
473.446758 1.62598
473.447224 1.62598
473.447647 1.62598
473.448102 1.62598
473.448514 1.62598
473.44896 1.62598
473.449382 1.62598
473.449795 1.62598
473.450211 1.62598
473.450619 1.62598
473.451068 1.62598
473.451519 1.62598
473.45196 1.62598
473.452482 1.62598
473.453028 1.62598
473.453546 1.62598
473.454176 1.62598
473.454674 1.62598
473.455196 1.62598
473.455638 1.62598
473.456097 1.62598
473.456581 1.62598
473.457192 1.78711
473.457651 1.78711
473.458103 1.78711
473.458498 1.78711
473.45889 1.78711
473.459292 1.78711
473.459679 1.78711
473.460113 1.78711
473.460499 1.78711
473.460891 1.78711
473.461292 1.78711
473.461681 1.78711
473.462118 1.78711
473.462508 1.78711
473.462898 1.78711
473.4633 1.78711
473.463765 1.78711
473.46428 1.78711
473.464641 1.78711
473.465098 1.78711
473.465498 1.78711
473.465893 1.78711
473.466298 1.78711
473.466714 1.78711
473.467126 1.78711
473.467604 1.78711
473.468188 1.78711
473.468605 1.78711
473.469051 1.78711
473.469547 1.78711
473.471181 1.78711
473.47165 1.78711
473.472114 1.78711
473.472528 1.78711
473.473045 1.78711
473.473556 1.78711
473.474044 1.78711
473.474488 1.78711
473.474921 1.78711
473.475401 1.78711
473.475999 1.78711
473.4765 1.78711
473.476991 1.78711
473.477464 1.78711
473.477919 1.78711
473.478848 1.89453
473.479339 1.89453
473.479778 1.89453
473.480238 1.89453
473.480718 1.89453
473.481181 1.89453
473.481631 1.89453
473.482116 1.89453
473.482587 1.89453
473.48304 1.89453
473.483464 1.89453
473.483878 1.89453
473.484299 1.89453
473.48473 1.89453
473.485145 1.89453
473.485551 1.89453
473.486029 1.89453
473.486546 1.89453
473.487002 1.89453
473.487419 1.89453
473.487828 1.89453
473.488251 1.89453
473.488753 1.89453
473.489478 1.875
473.489959 1.875
473.490524 1.875
473.491037 1.875
473.491512 1.875
473.492004 1.875
473.492488 1.875
473.492969 1.875
473.493385 1.875
473.49382 1.875
473.494388 1.875
473.494991 1.875
473.495471 1.875
473.496001 1.875
473.496469 1.875
473.497055 1.875
473.497509 1.875
473.497964 1.875
473.498395 1.875
473.499122 1.875
473.49979 1.875
473.500236 1.875
473.500658 1.875
473.501162 1.875
473.501598 1.875
473.50205 1.875
473.502469 1.875
473.502873 1.875
473.503293 1.875
473.503724 1.875
473.504148 1.875
473.504592 1.875
473.505032 1.875
473.505448 1.875
473.505867 1.875
473.506427 1.875
473.507052 1.875
473.507811 1.875
473.50861 1.875
473.509345 1.875
473.5101 1.875
473.510873 1.875
473.51162 1.875
473.512595 1.84082
473.513591 1.84082
473.514756 1.84082
473.51533 1.84082
473.515864 1.84082
473.523213 1.84082
473.523738 1.84082
473.524189 1.84082
473.524639 1.84082
473.525319 1.84082
473.525748 1.84082
473.526178 1.84082
473.526615 1.84082
473.527161 1.84082
473.527666 1.84082
473.528232 1.84082
473.528798 1.84082
473.529416 1.84082
473.530026 1.84082
473.530783 1.84082
473.531508 1.84082
473.53221 1.84082
473.532907 1.84082
473.534027 1.86523
473.534976 1.86523
473.535633 1.86523
473.536348 1.86523
473.536896 1.86523
473.537462 1.86523
473.537935 1.86523
473.53837 1.86523
473.538772 1.86523
473.539181 1.86523
473.53957 1.86523
473.539989 1.86523
473.540387 1.86523
473.540778 1.86523
473.541184 1.86523
473.541568 1.86523
473.541985 1.86523
473.542383 1.86523
473.542775 1.86523
473.543177 1.86523
473.543834 1.68457
473.544274 1.68457
473.544662 1.68457
473.545143 1.68457
473.545561 1.68457
473.545983 1.68457
473.546517 1.68457
473.547107 1.68457
473.547526 1.68457
473.547917 1.68457
473.548321 1.68457
473.54874 1.68457
473.549143 1.68457
473.549527 1.68457
473.549913 1.68457
473.550312 1.68457
473.550724 1.68457
473.551132 1.68457
473.551527 1.68457
473.551915 1.68457
473.552322 1.68457
473.552742 1.68457
473.553142 1.68457
473.553531 1.68457
473.554153 1.68457
473.554603 1.68457
473.555037 1.68457
473.555439 1.68457
473.55583 1.68457
473.556231 1.68457
473.556618 1.68457
473.557085 1.68457
473.557665 1.68457
473.558123 1.68457
473.558514 1.68457
473.558911 1.68457
473.55931 1.68457
473.559741 1.68457
473.560147 1.68457
473.560539 1.68457
473.560956 1.68457
473.561364 1.68457
473.561764 1.68457
473.562171 1.68457
473.562551 1.68457
473.562971 1.68457
473.563451 1.68457
473.56416 1.68457
473.564784 1.50391
473.565304 1.50391
473.565743 1.50391
473.566162 1.50391
473.566568 1.50391
473.567013 1.50391
473.567431 1.50391
473.567852 1.50391
473.568283 1.50391
473.56871 1.50391
473.569127 1.50391
473.569531 1.50391
473.569968 1.50391
473.570392 1.50391
473.570803 1.50391
473.571213 1.50391
473.571614 1.50391
473.572047 1.50391
473.572521 1.50391
473.572971 1.50391
473.573384 1.50391
473.573788 1.50391
473.574197 1.50391
473.574598 1.50391
473.575027 1.50391
473.575456 1.50391
473.575896 1.50391
473.576333 1.50391
473.576744 1.50391
473.577154 1.50391
473.577556 1.50391
473.578009 1.50391
473.578446 1.50391
473.578865 1.50391
473.579281 1.50391
473.579684 1.50391
473.580123 1.50391
473.58053 1.50391
473.580958 1.50391
473.581368 1.50391
473.581874 1.50391
473.582338 1.50391
473.582766 1.50391
473.583189 1.50391
473.58359 1.50391
473.58402 1.50391
473.584433 1.50391
473.584836 1.50391
473.585253 1.50391
473.585926 1.45996
473.58634 1.45996
473.586748 1.45996
473.587159 1.45996
473.58756 1.45996
473.588047 1.45996
473.588464 1.45996
473.588875 1.45996
473.589307 1.45996
473.589737 1.45996
473.590182 1.45996
473.590723 1.45996
473.591167 1.45996
473.591684 1.45996
473.592227 1.45996
473.592748 1.45996
473.593268 1.45996
473.593766 1.45996
473.594274 1.45996
473.594773 1.45996
473.595277 1.45996
473.595777 1.45996
473.596354 1.45996
473.596876 1.45996
473.597383 1.45996
473.59788 1.45996
473.598382 1.45996
473.598889 1.45996
473.599434 1.45996
473.599998 1.45996
473.600514 1.45996
473.601047 1.45996
473.601615 1.45996
473.602162 1.45996
473.602664 1.45996
473.603198 1.45996
473.603719 1.45996
473.604229 1.45996
473.604737 1.45996
473.605244 1.45996
473.605744 1.45996
473.606251 1.45996
473.606993 1.49414
473.607515 1.49414
473.608051 1.49414
473.608562 1.49414
473.609104 1.49414
473.609617 1.49414
473.610168 1.49414
473.610717 1.49414
473.611234 1.49414
473.611738 1.49414
473.612247 1.49414
473.612827 1.49414
473.613346 1.49414
473.613847 1.49414
473.614351 1.49414
473.614851 1.49414
473.615354 1.49414
473.615852 1.49414
473.616358 1.49414
473.616867 1.49414
473.617415 1.49414
473.617948 1.49414
473.618464 1.49414
473.618995 1.49414
473.619531 1.49414
473.620076 1.49414
473.620596 1.49414
473.621151 1.49414
473.621661 1.49414
473.622202 1.49414
473.622724 1.49414
473.623237 1.49414
473.623827 1.49414
473.624341 1.49414
473.624847 1.49414
473.625363 1.49414
473.625864 1.49414
473.626365 1.49414
473.626861 1.49414
473.627534 1.60645
473.628079 1.60645
473.628593 1.60645
473.629116 1.60645
473.629624 1.60645
473.630157 1.60645
473.630657 1.60645
473.631194 1.60645
473.631738 1.60645
473.632255 1.60645
473.632768 1.60645
473.63328 1.60645
473.633779 1.60645
473.634283 1.60645
473.634864 1.60645
473.63537 1.60645
473.635882 1.60645
473.636411 1.60645
473.636913 1.60645
473.637431 1.60645
473.638034 1.63574
473.638555 1.63574
473.639088 1.63574
473.639596 1.63574
473.640149 1.63574
473.640676 1.63574
473.641218 1.63574
473.641748 1.63574
473.64228 1.63574
473.642782 1.63574
473.643289 1.63574
473.643788 1.63574
473.644291 1.63574
473.644784 1.63574
473.645347 1.63574
473.645863 1.63574
473.646367 1.63574
473.646859 1.63574
473.647363 1.63574
473.647855 1.63574
473.64845 1.63574
473.648993 1.63574
473.649507 1.63574
473.650042 1.63574
473.650549 1.63574
473.651077 1.63574
473.651584 1.63574
473.65211 1.63574
473.652645 1.63574
473.653202 1.63574
473.653727 1.63574
473.654236 1.63574
473.654737 1.63574
473.655249 1.63574
473.655751 1.63574
473.656361 1.63574
473.656885 1.63574
473.657391 1.63574
473.657887 1.63574
473.658387 1.63574
473.659158 1.65527
473.659674 1.65527
473.660211 1.65527
473.660732 1.65527
473.661245 1.65527
473.661744 1.65527
473.662252 1.65527
473.66276 1.65527
473.663281 1.65527
473.663783 1.65527
473.664283 1.65527
473.664822 1.65527
473.665334 1.65527
473.665833 1.65527
473.666339 1.65527
473.666835 1.65527
473.667409 1.65527
473.667909 1.65527
473.668419 1.65527
473.668943 1.65527
473.669582 1.65527
473.670116 1.65527
473.670617 1.65527
473.671138 1.65527
473.671636 1.65527
473.672164 1.65527
473.672654 1.65527
473.673191 1.65527
473.673737 1.65527
473.674251 1.65527
473.674748 1.65527
473.675251 1.65527
473.675746 1.65527
473.676243 1.65527
473.676739 1.65527
473.677273 1.65527
473.677782 1.65527
473.678359 1.65527
473.678865 1.65527
473.679377 1.65527
473.68013 1.67969
473.680645 1.67969
473.681187 1.67969
473.681709 1.67969
473.682223 1.67969
473.682739 1.67969
473.683244 1.67969
473.683747 1.67969
473.684263 1.67969
473.684762 1.67969
473.685265 1.67969
473.685763 1.67969
473.686265 1.67969
473.686762 1.67969
473.687264 1.67969
473.687758 1.67969
473.688258 1.67969
473.688759 1.67969
473.689336 1.67969
473.689841 1.67969
473.690424 1.67969
473.690986 1.67969
473.691538 1.67969
473.692113 1.67969
473.692636 1.67969
473.693214 1.67969
473.693739 1.67969
473.694254 1.67969
473.694772 1.67969
473.695278 1.67969
473.695793 1.67969
473.696266 1.67969
473.69668 1.67969
473.69718 1.67969
473.697599 1.67969
473.698034 1.67969
473.69845 1.67969
473.698855 1.67969
473.699276 1.67969
473.699761 1.67969
473.70018 1.67969
473.700972 1.67969
473.701399 1.67969
473.701809 1.67969
473.702223 1.67969
473.70263 1.67969
473.703073 1.67969
473.703481 1.67969
473.703886 1.67969
473.70431 1.67969
473.704744 1.67969
473.705177 1.67969
473.705585 1.67969
473.706017 1.67969
473.706429 1.67969
473.706834 1.67969
473.707244 1.67969
473.707647 1.67969
473.708086 1.67969
473.708563 1.67969
473.709013 1.67969
473.709435 1.67969
473.709844 1.67969
473.710257 1.67969
473.710658 1.67969
473.711443 1.67969
473.712003 1.67969
473.712523 1.67969
473.713135 1.67969
473.71367 1.67969
473.714213 1.67969
473.714761 1.67969
473.715281 1.67969
473.715803 1.67969
473.716309 1.67969
473.716809 1.67969
473.717314 1.67969
473.717815 1.67969
473.718319 1.67969
473.718815 1.67969
473.719316 1.67969
473.719887 1.67969
473.720393 1.67969
473.720891 1.67969
473.72161 1.68457
473.722154 1.68457
473.722676 1.68457
473.723225 1.68457
473.723746 1.68457
473.724262 1.68457
473.724788 1.68457
473.725331 1.68457
473.72587 1.68457
473.726428 1.68457
473.726989 1.68457
473.727563 1.68457
473.728148 1.68457
473.728737 1.68457
473.729315 1.68457
473.729923 1.68457
473.730399 1.68457
473.73093 1.68457
473.731421 1.68457
473.731874 1.68457
473.732596 1.69922
473.73307 1.69922
473.733527 1.69922
473.734014 1.69922
473.73449 1.69922
473.734975 1.69922
473.735441 1.69922
473.735888 1.69922
473.736342 1.69922
473.736787 1.69922
473.737237 1.69922
473.73779 1.69922
473.738298 1.69922
473.738797 1.69922
473.739308 1.69922
473.739806 1.69922
473.740306 1.69922
473.740803 1.69922
473.741386 1.69922
473.741896 1.69922
473.742402 1.69922
473.743127 1.69922
473.743642 1.69922
473.744184 1.69922
473.744684 1.69922
473.745219 1.69922
473.745754 1.69922
473.746326 1.69922
473.746886 1.69922
473.747472 1.69922
473.74807 1.69922
473.74865 1.69922
473.749243 1.69922
473.749803 1.69922
473.750426 1.69922
473.751039 1.69922
473.751624 1.69922
473.75223 1.69922
473.752791 1.69922
473.753656 1.69922
473.754292 1.69922
473.754853 1.69922
473.75539 1.69922
473.755908 1.69922
473.756439 1.69922
473.756975 1.69922
473.757504 1.69922
473.758071 1.69922
473.758595 1.69922
473.759135 1.69922
473.759659 1.69922
473.760212 1.69922
473.760745 1.69922
473.761262 1.69922
473.761762 1.69922
473.762265 1.69922
473.762771 1.69922
473.763278 1.69922
473.763913 1.69922
473.76451 1.69922
473.765093 1.69922
473.765657 1.69922
473.766257 1.69922
473.766835 1.69922
473.767405 1.69922
473.768006 1.69922
473.768587 1.69922
473.769194 1.69922
473.769787 1.69922
473.770525 1.69922
473.77119 1.69922
473.771783 1.69922
473.772422 1.69922
473.773076 1.69922
473.773682 1.69922
473.774871 1.69922
473.775578 1.69922
473.776222 1.69922
473.776838 1.69922
473.77747 1.69922
473.778249 1.69922
473.778862 1.69922
473.779435 1.69922
473.779974 1.69922
473.780494 1.69922
473.781058 1.69922
473.781663 1.69922
473.782232 1.69922
473.782747 1.69922
473.783262 1.69922
473.783779 1.69922
473.784289 1.69922
473.784797 1.69922
473.785405 1.69922
473.785911 1.69922
473.786454 1.69922
473.787051 1.69922
473.787619 1.69922
473.788203 1.69922
473.788826 1.69922
473.789524 1.69922
473.790238 1.69922
473.790851 1.69922
473.791502 1.69922
473.792305 1.69922
473.792911 1.69922
473.793474 1.69922
473.794044 1.69922
473.794582 1.69922
473.795132 1.69922
473.795851 1.69434
473.796367 1.69434
473.796864 1.69434
473.797362 1.69434
473.797859 1.69434
473.798366 1.69434
473.798864 1.69434
473.799366 1.69434
473.799864 1.69434
473.800366 1.69434
473.800862 1.69434
473.801364 1.69434
473.802006 1.69434
473.802592 1.69434
473.803146 1.69434
473.803658 1.69434
473.804193 1.69434
473.804709 1.69434
473.805218 1.69434
473.805873 1.69434
473.806447 1.69434
473.806982 1.69434
473.807498 1.69434
473.808038 1.69434
473.808597 1.69434
473.809179 1.69434
473.809727 1.69434
473.810267 1.69434
473.810812 1.69434
473.811321 1.69434
473.811834 1.69434
473.812436 1.69434
473.813075 1.69434
473.813719 1.69434
473.8143 1.69434
473.814818 1.69434
473.815327 1.69434
473.81585 1.69434
473.816631 1.67969
473.817195 1.67969
473.817725 1.67969
473.818241 1.67969
473.818744 1.67969
473.81936 1.67969
473.819914 1.67969
473.820448 1.67969
473.820982 1.67969
473.821507 1.67969
473.822138 1.67969
473.822667 1.67969
473.82328 1.67969
473.82386 1.67969
473.824445 1.67969
473.825004 1.67969
473.825644 1.67969
473.826205 1.67969
473.826854 1.67969
473.82747 1.67969
473.82805 1.67969
473.828608 1.67969
473.829145 1.67969
473.829679 1.67969
473.830261 1.67969
473.830789 1.67969
473.831346 1.67969
473.831868 1.67969
473.832374 1.67969
473.832878 1.67969
473.8334 1.67969
473.834007 1.67969
473.834602 1.67969
473.835176 1.67969
473.835726 1.67969
473.836303 1.67969
473.836845 1.67969
473.837549 1.67969
473.838241 1.68945
473.838799 1.68945
473.839364 1.68945
473.840017 1.68945
473.840564 1.68945
473.841113 1.68945
473.841626 1.68945
473.842206 1.68945
473.842773 1.68945
473.843308 1.68945
473.843842 1.68945
473.844414 1.68945
473.84507 1.68945
473.845602 1.68945
473.846141 1.68945
473.846649 1.68945
473.847195 1.68945
473.847719 1.68945
473.848364 1.69922
473.848988 1.69922
473.849532 1.69922
473.850076 1.69922
473.850593 1.69922
473.851126 1.69922
473.851633 1.69922
473.852169 1.69922
473.852668 1.69922
473.853205 1.69922
473.853726 1.69922
473.854238 1.69922
473.854754 1.69922
473.855375 1.69922
473.855899 1.69922
473.856411 1.69922
473.856908 1.69922
473.857427 1.69922
473.857963 1.69922
473.858601 1.69922
473.859191 1.69922
473.859726 1.69922
473.860306 1.69922
473.860832 1.69922
473.86134 1.69922
473.86184 1.69922
473.862342 1.69922
473.862842 1.69922
473.863343 1.69922
473.863844 1.69922
473.864343 1.69922
473.864865 1.69922
473.865429 1.69922
473.866041 1.69922
473.866574 1.69922
473.86711 1.69922
473.867625 1.69922
473.868159 1.69922
473.86866 1.69922
473.869404 1.68945
473.869946 1.68945
473.870467 1.68945
473.870997 1.68945
473.871584 1.68945
473.872125 1.68945
473.872638 1.68945
473.873173 1.68945
473.873675 1.68945
473.874252 1.68945
473.874774 1.68945
473.875288 1.68945
473.875811 1.68945
473.876433 1.68945
473.876993 1.68945
473.877514 1.68945
473.878056 1.68945
473.878568 1.68945
473.879101 1.68945
473.879751 1.68945
473.880293 1.68945
473.880807 1.68945
473.881354 1.68945
473.88186 1.68945
473.882365 1.68945
473.88297 1.68945
473.883488 1.68945
473.884019 1.68945
473.884537 1.68945
473.885096 1.68945
473.885624 1.68945
473.88618 1.68945
473.886795 1.68945
473.887326 1.68945
473.887834 1.68945
473.888336 1.68945
473.888833 1.68945
473.889334 1.68945
473.889842 1.68945
473.890467 1.68945
473.891009 1.68945
473.891518 1.68945
473.892056 1.68945
473.892567 1.68945
473.89312 1.68945
473.893667 1.68945
473.894305 1.68945
473.89482 1.68945
473.895323 1.68945
473.895819 1.68945
473.896319 1.68945
473.896847 1.68945
473.897429 1.68945
473.897978 1.68945
473.898493 1.68945
473.899025 1.68945
473.899537 1.68945
473.900067 1.68945
473.900684 1.68945
473.901236 1.68945
473.901739 1.68945
473.902289 1.68945
473.902802 1.68945
473.903308 1.68945
473.903805 1.68945
473.904306 1.68945
473.904806 1.68945
473.905384 1.68945
473.9059 1.68945
473.90643 1.68945
473.906957 1.68945
473.907493 1.68945
473.908109 1.68945
473.908635 1.68945
473.909176 1.68945
473.909709 1.68945
473.910226 1.68945
473.910826 1.68945
473.911463 1.7041
473.912007 1.7041
473.912519 1.7041
473.913063 1.7041
473.913582 1.7041
473.914114 1.7041
473.914619 1.7041
473.915152 1.7041
473.91565 1.7041
473.916185 1.7041
473.916764 1.7041
473.917269 1.7041
473.917771 1.7041
473.918352 1.7041
473.918891 1.7041
473.919417 1.7041
473.919944 1.7041
473.920458 1.7041
473.920987 1.7041
473.921584 1.7041
473.922154 1.7041
473.922683 1.7041
473.923221 1.7041
473.923744 1.7041
473.924258 1.7041
473.924759 1.7041
473.925261 1.7041
473.925754 1.7041
473.926257 1.7041
473.926768 1.7041
473.927286 1.7041
473.927856 1.7041
473.928363 1.7041
473.928896 1.7041
473.929482 1.7041
473.930037 1.7041
473.930547 1.7041
473.931091 1.7041
473.931599 1.7041
473.932309 1.68945
473.932822 1.68945
473.933333 1.68945
473.933832 1.68945
473.934334 1.68945
473.93483 1.68945
473.935326 1.68945
473.935823 1.68945
473.936322 1.68945
473.936819 1.68945
473.937327 1.68945
473.937825 1.68945
473.938455 1.68945
473.939013 1.68945
473.939586 1.68945
473.94019 1.68945
473.940739 1.68945
473.941258 1.68945
473.941766 1.68945
473.942402 1.6748
473.942957 1.6748
473.943503 1.6748
473.944043 1.6748
473.944554 1.6748
473.945091 1.6748
473.945602 1.6748
473.946131 1.6748
473.946638 1.6748
473.947171 1.6748
473.947675 1.6748
473.948211 1.6748
473.948734 1.6748
473.949245 1.6748
473.949813 1.6748
473.950385 1.6748
473.950976 1.6748
473.951509 1.6748
473.952057 1.6748
473.952746 1.6748
473.953269 1.6748
473.953771 1.6748
473.95428 1.6748
473.954778 1.6748
473.955281 1.6748
473.95578 1.6748
473.956282 1.6748
473.95678 1.6748
473.957282 1.6748
473.957776 1.6748
473.958277 1.6748
473.958773 1.6748
473.959328 1.6748
473.959832 1.6748
473.960339 1.6748
473.960917 1.6748
473.961511 1.6748
473.962077 1.6748
473.962591 1.6748
473.963246 1.68457
473.963788 1.68457
473.964299 1.68457
473.964797 1.68457
473.9653 1.68457
473.9658 1.68457
473.966303 1.68457
473.966806 1.68457
473.967307 1.68457
473.9678 1.68457
473.968303 1.68457
473.968798 1.68457
473.969301 1.68457
473.969801 1.68457
473.9703 1.68457
473.970809 1.68457
473.971339 1.68457
473.97203 1.68457
473.972572 1.68457
473.97311 1.68457
473.973643 1.68457
473.974198 1.68457
473.974723 1.68457
473.975276 1.68457
473.975788 1.68457
473.976304 1.68457
473.976822 1.68457
473.977353 1.68457
473.977875 1.68457
473.97839 1.68457
473.978961 1.68457
473.97953 1.68457
473.980163 1.68457
473.980759 1.68457
473.981325 1.68457
473.981948 1.68457
473.982638 1.68457
473.983309 1.68457
473.984189 1.68457
473.984979 1.7041
473.985622 1.7041
473.986241 1.7041
473.986829 1.7041
473.987395 1.7041
473.987914 1.7041
473.988431 1.7041
473.988968 1.7041
473.989485 1.7041
473.990028 1.7041
473.990544 1.7041
473.991086 1.7041
473.991601 1.7041
473.992131 1.7041
473.992658 1.7041
473.993244 1.7041
473.993772 1.7041
473.994325 1.7041
473.994878 1.7041
473.99548 1.7041
473.996259 1.7041
473.996894 1.7041
473.997482 1.7041
473.998087 1.7041
473.99861 1.7041
473.999144 1.7041
473.999645 1.7041
474.000226 1.7041
474.000781 1.7041
474.00132 1.7041
474.001845 1.7041
474.002364 1.7041
474.002878 1.7041
474.003449 1.7041
474.004077 1.7041
474.00462 1.7041
474.005287 1.69434
474.005872 1.69434
474.006412 1.69434
474.006958 1.69434
474.007548 1.69434
474.008232 1.69434
474.00877 1.69434
474.009223 1.69434
474.009665 1.69434
474.010174 1.69434
474.010605 1.69434
474.011129 1.69434
474.011653 1.69434
474.012946 1.69434
474.013505 1.69434
474.014137 1.69434
474.014736 1.69434
474.015284 1.69434
474.016244 1.69434
474.016894 1.69434
474.017426 1.69434
474.017914 1.69434
474.018588 1.69434
474.019089 1.69434
474.0196 1.69434
474.020435 1.69434
474.021026 1.69434
474.021589 1.69434
474.022194 1.69434
474.022751 1.69434
474.023305 1.69434
474.023862 1.69434
474.024483 1.69434
474.025121 1.69434
474.025857 1.69434
474.026739 1.6748
474.027213 1.6748
474.027667 1.6748
474.028172 1.6748
474.028625 1.6748
474.029104 1.6748
474.02955 1.6748
474.030024 1.6748
474.030471 1.6748
474.030912 1.6748
474.031362 1.6748
474.031881 1.6748
474.032352 1.6748
474.032969 1.6748
474.03366 1.6748
474.034449 1.6748
474.035249 1.6748
474.036131 1.6748
474.037265 1.6748
474.037889 1.6748
474.038504 1.6748
474.03917 1.6748
474.039767 1.6748
474.040325 1.6748
474.040862 1.6748
474.041405 1.6748
474.041928 1.6748
474.042465 1.6748
474.043092 1.6748
474.043566 1.6748
474.044016 1.6748
474.044416 1.6748
474.044873 1.6748
474.045284 1.6748
474.045662 1.6748
474.046093 1.6748
474.046482 1.6748
474.047015 1.68457
474.047524 1.68457
474.047979 1.68457
474.048392 1.68457
474.048786 1.68457
474.04919 1.68457
474.049586 1.68457
474.050003 1.68457
474.050406 1.68457
474.050814 1.68457
474.051234 1.68457
474.051626 1.68457
474.052086 1.68457
474.05249 1.68457
474.052911 1.68457
474.053354 1.68457
474.053837 1.68457
474.054262 1.68457
474.05466 1.68457
474.055099 1.68457
474.055488 1.68457
474.055875 1.68457
474.056272 1.68457
474.056658 1.68457
474.057339 1.7041
474.057776 1.7041
474.058198 1.7041
474.05859 1.7041
474.059012 1.7041
474.059411 1.7041
474.059861 1.7041
474.060274 1.7041
474.060661 1.7041
474.061096 1.7041
474.061483 1.7041
474.061872 1.7041
474.06227 1.7041
474.062748 1.7041
474.063149 1.7041
474.063534 1.7041
474.063962 1.7041
474.064368 1.7041
474.064765 1.7041
474.065167 1.7041
474.065555 1.7041
474.066002 1.7041
474.06641 1.7041
474.066812 1.7041
474.067235 1.7041
474.067807 1.7041
474.068234 1.7041
474.06863 1.7041
474.069075 1.7041
474.069476 1.7041
474.069868 1.7041
474.070287 1.7041
474.070679 1.7041
474.071114 1.7041
474.071582 1.7041
474.072003 1.7041
474.0724 1.7041
474.072787 1.7041
474.073194 1.7041
474.073581 1.7041
474.074004 1.7041
474.07442 1.7041
474.074814 1.7041
474.075219 1.7041
474.075603 1.7041
474.076021 1.7041
474.076417 1.7041
474.076806 1.7041
474.077208 1.7041
474.077879 1.67969
474.078327 1.67969
474.078754 1.67969
474.079173 1.67969
474.079568 1.67969
474.079993 1.67969
474.080469 1.67969
474.080862 1.67969
474.081264 1.67969
474.081657 1.67969
474.082088 1.67969
474.082476 1.67969
474.082863 1.67969
474.083259 1.67969
474.083641 1.67969
474.084075 1.67969
474.084495 1.67969
474.084893 1.67969
474.085293 1.67969
474.085678 1.67969
474.086104 1.67969
474.086488 1.67969
474.086874 1.67969
474.087276 1.67969
474.087662 1.67969
474.088095 1.67969
474.088504 1.67969
474.089007 1.67969
474.089425 1.67969
474.089891 1.67969
474.090306 1.67969
474.090726 1.67969
474.091137 1.67969
474.091529 1.67969
474.091918 1.67969
474.092324 1.67969
474.092737 1.67969
474.093142 1.67969
474.093532 1.67969
474.093953 1.67969
474.094371 1.67969
474.094767 1.67969
474.095174 1.67969
474.095562 1.67969
474.095987 1.67969
474.096387 1.67969
474.096774 1.67969
474.097177 1.67969
474.09764 1.67969
474.098317 1.68945
474.098761 1.68945
474.099177 1.68945
474.099576 1.68945
474.100007 1.68945
474.10041 1.68945
474.100807 1.68945
474.10121 1.68945
474.101602 1.68945
474.102022 1.68945
474.102424 1.68945
474.102834 1.68945
474.103248 1.68945
474.103645 1.68945
474.104088 1.68945
474.104489 1.68945
474.10489 1.68945
474.105297 1.68945
474.10572 1.68945
474.106135 1.68945
474.106616 1.68945
474.107063 1.68945
474.107464 1.68945
474.107873 1.68945
474.10829 1.68945
474.109062 1.68945
474.109492 1.68945
474.109897 1.68945
474.110322 1.68945
474.11075 1.68945
474.111268 1.68945
474.111678 1.68945
474.112128 1.68945
474.112535 1.68945
474.112969 1.68945
474.113386 1.68945
474.113793 1.68945
474.114207 1.68945
474.11461 1.68945
474.115136 1.68945
474.115565 1.68945
474.116098 1.68945
474.116519 1.68945
474.116957 1.68945
474.117374 1.68945
474.117785 1.68945
474.118196 1.68945
474.118588 1.68945
474.119419 1.69922
474.119841 1.69922
474.120257 1.69922
474.120666 1.69922
474.121114 1.69922
474.121519 1.69922
474.121919 1.69922
474.122333 1.69922
474.122829 1.69922
474.123262 1.69922
474.123661 1.69922
474.12411 1.69922
474.12451 1.69922
474.124908 1.69922
474.12541 1.69922
474.125812 1.69922
474.126229 1.69922
474.126637 1.69922
474.127087 1.69922
474.127499 1.69922
474.127901 1.69922
474.12832 1.69922
474.128752 1.69922
474.12926 1.69922
474.129712 1.69922
474.130129 1.69922
474.130531 1.69922
474.130985 1.69922
474.131419 1.69922
474.131817 1.69922
474.132229 1.69922
474.132628 1.69922
474.133086 1.69922
474.133492 1.69922
474.133895 1.69922
474.134397 1.69922
474.134808 1.69922
474.135225 1.69922
474.135625 1.69922
474.136076 1.69922
474.13648 1.69922
474.136878 1.69922
474.137287 1.69922
474.137681 1.69922
474.138126 1.69922
474.138523 1.69922
474.138921 1.69922
474.139579 1.67969
474.140077 1.67969
474.140527 1.67969
474.140968 1.67969
474.141383 1.67969
474.141774 1.67969
474.142172 1.67969
474.142561 1.67969
474.143054 1.67969
474.143461 1.67969
474.143847 1.67969
474.144246 1.67969
474.144631 1.67969
474.145058 1.67969
474.145442 1.67969
474.145826 1.67969
474.146222 1.67969
474.146602 1.67969
474.14702 1.67969
474.147413 1.67969
474.147873 1.67969
474.148285 1.67969
474.148674 1.67969
474.149101 1.67969
474.149483 1.67969
474.150152 1.69922
474.150569 1.69922
474.150988 1.69922
474.151383 1.69922
474.151912 1.69922
474.152334 1.69922
474.15276 1.69922
474.153248 1.69922
474.153646 1.69922
474.154075 1.69922
474.15446 1.69922
474.154844 1.69922
474.15524 1.69922
474.155625 1.69922
474.156052 1.69922
474.156437 1.69922
474.156821 1.69922
474.157217 1.69922
474.157598 1.69922
474.15801 1.69922
474.158404 1.69922
474.158789 1.69922
474.15919 1.69922
474.159574 1.69922
474.160128 1.69922
474.160623 1.69922
474.161062 1.69922
474.161446 1.69922
474.161833 1.69922
474.162243 1.69922
474.162624 1.69922
474.163043 1.69922
474.163427 1.69922
474.16381 1.69922
474.164206 1.69922
474.164594 1.69922
474.165018 1.69922
474.165409 1.69922
474.165793 1.69922
474.166191 1.69922
474.166568 1.69922
474.166982 1.69922
474.167373 1.69922
474.167758 1.69922
474.168245 1.69922
474.168629 1.69922
474.169055 1.69922
474.169516 1.69922
474.169903 1.69922
474.170424 1.68457
474.170844 1.68457
474.171242 1.68457
474.171626 1.68457
474.172135 1.68457
474.172546 1.68457
474.172976 1.68457
474.173377 1.68457
474.173764 1.68457
474.174162 1.68457
474.174543 1.68457
474.174957 1.68457
474.175359 1.68457
474.175747 1.68457
474.176149 1.68457
474.17653 1.68457
474.176919 1.68457
474.177314 1.68457
474.17777 1.68457
474.178177 1.68457
474.17856 1.68457
474.178979 1.68457
474.179373 1.68457
474.179758 1.68457
474.180154 1.68457
474.180642 1.68457
474.181097 1.68457
474.181486 1.68457
474.181878 1.68457
474.182276 1.68457
474.18266 1.68457
474.183086 1.68457
474.183481 1.68457
474.183902 1.68457
474.184314 1.68457
474.184726 1.68457
474.185129 1.68457
474.185511 1.68457
474.185896 1.68457
474.186293 1.68457
474.186761 1.68457
474.187159 1.68457
474.187542 1.68457
474.187953 1.68457
474.188347 1.68457
474.188752 1.68457
474.189244 1.68457
474.189628 1.68457
474.190056 1.68457
474.19044 1.68457
474.19098 1.67969
474.191407 1.67969
474.191798 1.67969
474.192193 1.67969
474.192571 1.67969
474.192985 1.67969
474.193375 1.67969
474.193774 1.67969
474.194171 1.67969
474.194552 1.67969
474.195035 1.67969
474.195437 1.67969
474.195821 1.67969
474.196216 1.67969
474.196597 1.67969
474.197006 1.67969
474.197397 1.67969
474.197784 1.67969
474.198185 1.67969
474.198568 1.67969
474.198983 1.67969
474.199376 1.67969
474.199765 1.67969
474.200159 1.67969
474.200543 1.67969
474.200963 1.67969
474.201587 1.67969
474.202018 1.67969
474.202411 1.67969
474.202869 1.67969
474.203274 1.67969
474.203656 1.67969
474.204099 1.67969
474.204484 1.67969
474.20491 1.67969
474.205321 1.67969
474.20574 1.67969
474.206141 1.67969
474.206525 1.67969
474.206908 1.67969
474.207305 1.67969
474.207713 1.67969
474.208109 1.67969
474.208544 1.67969
474.208962 1.67969
474.209373 1.67969
474.209761 1.67969
474.210156 1.67969
474.210607 1.67969
474.211061 1.67969
474.211593 1.68457
474.212059 1.68457
474.212472 1.68457
474.212874 1.68457
474.213287 1.68457
474.213676 1.68457
474.214113 1.68457
474.214515 1.68457
474.214911 1.68457
474.215316 1.68457
474.21574 1.68457
474.216149 1.68457
474.216541 1.68457
474.216964 1.68457
474.217459 1.68457
474.217859 1.68457
474.218263 1.68457
474.218653 1.68457
474.219094 1.68457
474.219485 1.68457
474.219877 1.68457
474.220284 1.68457
474.220667 1.68457
474.221099 1.68457
474.221491 1.68457
474.222093 1.68457
474.222518 1.68457
474.222913 1.68457
474.223322 1.68457
474.223743 1.68457
474.224151 1.68457
474.224536 1.68457
474.224967 1.68457
474.225393 1.68457
474.225871 1.68457
474.226285 1.68457
474.226673 1.68457
474.227109 1.68457
474.2275 1.68457
474.227893 1.68457
474.2283 1.68457
474.228714 1.68457
474.229219 1.68457
474.229618 1.68457
474.230048 1.68457
474.230443 1.68457
474.23084 1.68457
474.231248 1.68457
474.231638 1.68457
474.232374 1.69922
474.232812 1.69922
474.233236 1.69922
474.233627 1.69922
474.234141 1.69922
474.234541 1.69922
474.234976 1.69922
474.235401 1.69922
474.235801 1.69922
474.236207 1.69922
474.236595 1.69922
474.237013 1.69922
474.237413 1.69922
474.23781 1.69922
474.238217 1.69922
474.238608 1.69922
474.239033 1.69922
474.239431 1.69922
474.239821 1.69922
474.240224 1.69922
474.240611 1.69922
474.241033 1.69922
474.241441 1.69922
474.241915 1.69922
474.242492 1.69922
474.242924 1.69922
474.243397 1.69922
474.243804 1.69922
474.244212 1.69922
474.2446 1.69922
474.245023 1.69922
474.245424 1.69922
474.245899 1.69922
474.246331 1.69922
474.246751 1.69922
474.247159 1.69922
474.24755 1.69922
474.247971 1.69922
474.248379 1.69922
474.248775 1.69922
474.249252 1.69922
474.249649 1.69922
474.25008 1.69922
474.250467 1.69922
474.250863 1.69922
474.251265 1.69922
474.251654 1.69922
474.252095 1.69922
474.252797 1.68457
474.253268 1.68457
474.253668 1.68457
474.254212 1.68457
474.254777 1.68457
474.255283 1.68457
474.255763 1.68457
474.256244 1.68457
474.256735 1.68457
474.257224 1.68457
474.258962 1.68457
474.259549 1.68457
474.260061 1.68457
474.260529 1.68457
474.261057 1.68457
474.261555 1.68457
474.26206 1.68457
474.26254 1.68457
474.263143 1.68457
474.26385 1.68945
474.264364 1.68945
474.264919 1.68945
474.265402 1.68945
474.265844 1.68945
474.266298 1.68945
474.266754 1.68945
474.267209 1.68945
474.267643 1.68945
474.268169 1.68945
474.268747 1.68945
474.269242 1.68945
474.269715 1.68945
474.270175 1.68945
474.270621 1.68945
474.271109 1.68945
474.271554 1.68945
474.272031 1.68945
474.272474 1.68945
474.273027 1.68945
474.273475 1.68945
474.273969 1.68945
474.274459 1.68945
474.274882 1.68945
474.275299 1.68945
474.27573 1.68945
474.276157 1.68945
474.276557 1.68945
474.276994 1.68945
474.277414 1.68945
474.27782 1.68945
474.278233 1.68945
474.27867 1.68945
474.279188 1.68945
474.27968 1.68945
474.280136 1.68945
474.280544 1.68945
474.280993 1.68945
474.281455 1.68945
474.281904 1.68945
474.282399 1.68945
474.282865 1.68945
474.28334 1.68945
474.283783 1.68945
474.284271 1.68945
474.285062 1.69434
474.285552 1.69434
474.286044 1.69434
474.286502 1.69434
474.286987 1.69434
474.287457 1.69434
474.287905 1.69434
474.288452 1.69434
474.288908 1.69434
474.289444 1.69434
474.289984 1.69434
474.290448 1.69434
474.290881 1.69434
474.291324 1.69434
474.291828 1.69434
474.292357 1.69434
474.292799 1.69434
474.293228 1.69434
474.293645 1.69434
474.294104 1.69434
474.294518 1.69434
474.294988 1.69434
474.295535 1.69434
474.296032 1.69434
474.296467 1.69434
474.296993 1.69434
474.297424 1.69434
474.297839 1.69434
474.298262 1.69434
474.298671 1.69434
474.299124 1.69434
474.299529 1.69434
474.300011 1.69434
474.300513 1.69434
474.300981 1.69434
474.301422 1.69434
474.301847 1.69434
474.302301 1.69434
474.30276 1.69434
474.303214 1.69434
474.303746 1.69434
474.304223 1.69434
474.304673 1.69434
474.305308 1.68457
474.305848 1.68457
474.306336 1.68457
474.306812 1.68457
474.307279 1.68457
474.307753 1.68457
474.308194 1.68457
474.308635 1.68457
474.309161 1.68457
474.309639 1.68457
474.310214 1.68457
474.31078 1.68457
474.311369 1.68457
474.311872 1.68457
474.312361 1.68457
474.312827 1.68457
474.313299 1.68457
474.31376 1.68457
474.314245 1.68457
474.314797 1.68457
474.315355 1.68457
474.316206 1.68457
474.316868 1.68457
474.317435 1.68457
474.317975 1.68457
474.318493 1.68457
474.319023 1.68457
474.319537 1.68457
474.32015 1.68457
474.320671 1.68457
474.321223 1.68457
474.321846 1.68457
474.322373 1.68457
474.322877 1.68457
474.323382 1.68457
474.323885 1.68457
474.324389 1.68457
474.324886 1.68457
474.325385 1.68457
474.325962 1.68457
474.326647 1.6748
474.327282 1.6748
474.32782 1.6748
474.328346 1.6748
474.32898 1.6748
474.329517 1.6748
474.330057 1.6748
474.330567 1.6748
474.3311 1.6748
474.331638 1.6748
474.332274 1.6748
474.332796 1.6748
474.333301 1.6748
474.333802 1.6748
474.33431 1.6748
474.334811 1.6748
474.335312 1.6748
474.335815 1.6748
474.336319 1.6748
474.336865 1.6748
474.33739 1.6748
474.337892 1.6748
474.338394 1.6748
474.338893 1.6748
474.33945 1.6748
474.339986 1.6748
474.340501 1.6748
474.341047 1.6748
474.341558 1.6748
474.342121 1.6748
474.342753 1.6748
474.343293 1.6748
474.343799 1.6748
474.344305 1.6748
474.344802 1.6748
474.3453 1.6748
474.345798 1.6748
474.346301 1.6748
474.346971 1.68457
474.347578 1.68457
474.348134 1.68457
474.348645 1.68457
474.34918 1.68457
474.349684 1.68457
474.350214 1.68457
474.350737 1.68457
474.351251 1.68457
474.351755 1.68457
474.352259 1.68457
474.352792 1.68457
474.353449 1.68457
474.354011 1.68457
474.354529 1.68457
474.355079 1.68457
474.355653 1.68457
474.356215 1.68457
474.356738 1.68457
474.357274 1.68457
474.357903 1.69922
474.358449 1.69922
474.35898 1.69922
474.359498 1.69922
474.360031 1.69922
474.360542 1.69922
474.36107 1.69922
474.361575 1.69922
474.362102 1.69922
474.362609 1.69922
474.363131 1.69922
474.363746 1.69922
474.364298 1.69922
474.364815 1.69922
474.365377 1.69922
474.365891 1.69922
474.366405 1.69922
474.366907 1.69922
474.367424 1.69922
474.368025 1.69922
474.368601 1.69922
474.369174 1.69922
474.369942 1.69922
474.370421 1.69922
474.370824 1.69922
474.371222 1.69922
474.37161 1.69922
474.372038 1.69922
474.372436 1.69922
474.372827 1.69922
474.37322 1.69922
474.373611 1.69922
474.374026 1.69922
474.374507 1.69922
474.37505 1.69922
474.375463 1.69922
474.375858 1.69922
474.376251 1.69922
474.376635 1.69922
474.377055 1.69922
474.377443 1.69922
474.377833 1.69922
474.378304 1.69434
474.378745 1.69434
474.379146 1.69434
474.379533 1.69434
474.37995 1.69434
474.380347 1.69434
474.380741 1.69434
474.381146 1.69434
474.381531 1.69434
474.382015 1.69434
474.382421 1.69434
474.382816 1.69434
474.383205 1.69434
474.383593 1.69434
474.384006 1.69434
474.384398 1.69434
474.384784 1.69434
474.385218 1.69434
474.38567 1.69434
474.386113 1.69434
474.386606 1.69434
474.387061 1.69434
474.387454 1.69434
474.387844 1.69434
474.388238 1.69434
474.388654 1.69434
474.389113 1.69434
474.389512 1.69434
474.390003 1.69434
474.390406 1.69434
474.390796 1.69434
474.391188 1.69434
474.391575 1.69434
474.391991 1.69434
474.392388 1.69434
474.392778 1.69434
474.39317 1.69434
474.393563 1.69434
474.393982 1.69434
474.394376 1.69434
474.394763 1.69434
474.395154 1.69434
474.395552 1.69434
474.396073 1.69434
474.39649 1.69434
474.396885 1.69434
474.397283 1.69434
474.397742 1.69434
474.398144 1.69434
474.398533 1.69434
474.399156 1.67969
474.399575 1.67969
474.400001 1.67969
474.400397 1.67969
474.400786 1.67969
474.401178 1.67969
474.401562 1.67969
474.402048 1.67969
474.402456 1.67969
474.402842 1.67969
474.403231 1.67969
474.403611 1.67969
474.404022 1.67969
474.404413 1.67969
474.404795 1.67969
474.405185 1.67969
474.405573 1.67969
474.406029 1.67969
474.406489 1.67969
474.406896 1.67969
474.407301 1.67969
474.407712 1.67969
474.408113 1.67969
474.408501 1.67969
474.408883 1.67969
474.409409 1.67969
474.409807 1.67969
474.410201 1.67969
474.410655 1.67969
474.411089 1.67969
474.411477 1.67969
474.411863 1.67969
474.412254 1.67969
474.412637 1.67969
474.413055 1.67969
474.413441 1.67969
474.413828 1.67969
474.41422 1.67969
474.414607 1.67969
474.415025 1.67969
474.41542 1.67969
474.415804 1.67969
474.416195 1.67969
474.416604 1.67969
474.417086 1.67969
474.417493 1.67969
474.417885 1.67969
474.418285 1.67969
474.41875 1.67969
474.419148 1.67969
474.419604 1.69922
474.420071 1.69922
474.420462 1.69922
474.42085 1.69922
474.421244 1.69922
474.421633 1.69922
474.42205 1.69922
474.422439 1.69922
474.422827 1.69922
474.423217 1.69922
474.423601 1.69922
474.424006 1.69922
474.424466 1.69922
474.424863 1.69922
474.425257 1.69922
474.425642 1.69922
474.426073 1.69922
474.426461 1.69922
474.426846 1.69922
474.427287 1.69922
474.427757 1.69922
474.42817 1.69922
474.428557 1.69922
474.428975 1.69922
474.429374 1.69922
474.429806 1.69922
474.430234 1.69922
474.430626 1.69922
474.431047 1.69922
474.431435 1.69922
474.431826 1.69922
474.432224 1.69922
474.432679 1.69922
474.433111 1.69922
474.433502 1.69922
474.43389 1.69922
474.434286 1.69922
474.434674 1.69922
474.435121 1.69922
474.43551 1.69922
474.435897 1.69922
474.436292 1.69922
474.436675 1.69922
474.437093 1.69922
474.437475 1.69922
474.437917 1.69922
474.438387 1.69922
474.438795 1.69922
474.439194 1.69922
474.439585 1.69922
474.440143 1.68945
474.440573 1.68945
474.441061 1.68945
474.441476 1.68945
474.442079 1.68945
474.442607 1.68945
474.443042 1.68945
474.443441 1.68945
474.443833 1.68945
474.444223 1.68945
474.444607 1.68945
474.445023 1.68945
474.44542 1.68945
474.445808 1.68945
474.446201 1.68945
474.446583 1.68945
474.44706 1.68945
474.447469 1.68945
474.447862 1.68945
474.448287 1.68945
474.448786 1.68945
474.449263 1.68945
474.449658 1.68945
474.450089 1.68945
474.450684 1.68945
474.451131 1.68945
474.451523 1.68945
474.45191 1.68945
474.45231 1.68945
474.452714 1.68945
474.453107 1.68945
474.453495 1.68945
474.453877 1.68945
474.454275 1.68945
474.454667 1.68945
474.455093 1.68945
474.455481 1.68945
474.455863 1.68945
474.456255 1.68945
474.456639 1.68945
474.457059 1.68945
474.457509 1.68945
474.457898 1.68945
474.458294 1.68945
474.458743 1.68945
474.459224 1.68945
474.45963 1.68945
474.460056 1.68945
474.460464 1.68945
474.461114 1.67969
474.461542 1.67969
474.461971 1.67969
474.462372 1.67969
474.462763 1.67969
474.46315 1.67969
474.463533 1.67969
474.463957 1.67969
474.464346 1.67969
474.464747 1.67969
474.465195 1.67969
474.465585 1.67969
474.466 1.67969
474.466396 1.67969
474.466789 1.67969
474.467179 1.67969
474.467562 1.67969
474.467976 1.67969
474.468372 1.67969
474.46876 1.67969
474.469179 1.67969
474.469648 1.67969
474.470097 1.67969
474.470493 1.67969
474.470908 1.67969
474.471551 1.68945
474.472007 1.68945
474.47241 1.68945
474.472799 1.68945
474.47319 1.68945
474.473573 1.68945
474.473992 1.68945
474.474391 1.68945
474.474781 1.68945
474.475175 1.68945
474.47556 1.68945
474.475982 1.68945
474.476378 1.68945
474.476763 1.68945
474.477151 1.68945
474.477531 1.68945
474.477916 1.68945
474.478322 1.68945
474.478769 1.68945
474.479164 1.68945
474.479579 1.68945
474.480097 1.68945
474.480509 1.68945
474.480898 1.68945
474.481301 1.68945
474.481762 1.68945
474.482193 1.68945
474.482584 1.68945
474.483002 1.68945
474.483401 1.68945
474.483794 1.68945
474.484186 1.68945
474.484568 1.68945
474.484988 1.68945
474.485383 1.68945
474.485772 1.68945
474.486224 1.68945
474.486614 1.68945
474.487034 1.68945
474.487427 1.68945
474.487814 1.68945
474.488204 1.68945
474.488592 1.68945
474.489004 1.68945
474.489398 1.68945
474.489784 1.68945
474.490208 1.68945
474.490666 1.68945
474.49111 1.68945
474.491501 1.68945
474.491899 1.68945
474.492375 1.68945
474.492774 1.68945
474.493168 1.68945
474.493565 1.68945
474.494046 1.68945
474.494792 1.68945
