475.600207 1.6748
475.60059 1.6748
475.601014 1.6748
475.601419 1.6748
475.601813 1.6748
475.602217 1.6748
475.602603 1.6748
475.603026 1.6748
475.603421 1.6748
475.603808 1.6748
475.60439 1.6748
475.60497 1.6748
475.605398 1.6748
475.605799 1.6748
475.606207 1.6748
475.6066 1.6748
475.607022 1.6748
475.607422 1.6748
475.607814 1.6748
475.608449 1.6748
475.609074 1.6748
475.609813 1.6748
475.610427 1.6748
475.611021 1.6748
475.6116 1.6748
475.612197 1.6748
475.61278 1.6748
475.613366 1.6748
475.613966 1.6748
475.614551 1.6748
475.615425 1.6748
475.616074 1.6748
475.616657 1.6748
475.617279 1.6748
475.617848 1.6748
475.618422 1.6748
475.619008 1.6748
475.619898 1.68945
475.620539 1.68945
475.621134 1.68945
475.621617 1.68945
475.622085 1.68945
475.622507 1.68945
475.622924 1.68945
475.623347 1.68945
475.62376 1.68945
475.624171 1.68945
475.624748 1.68945
475.625535 1.68945
475.62611 1.68945
475.626533 1.68945
475.626978 1.68945
475.627397 1.68945
475.627806 1.68945
475.628219 1.68945
475.628628 1.68945
475.629067 1.68945
475.629475 1.68945
475.629906 1.68945
475.630667 1.68457
475.631389 1.68457
475.632011 1.68457
475.632596 1.68457
475.633191 1.68457
475.633778 1.68457
475.634377 1.68457
475.635062 1.68457
475.635655 1.68457
475.636451 1.68457
475.637193 1.68457
475.637794 1.68457
475.638377 1.68457
475.639086 1.68457
475.639733 1.68457
475.64038 1.68457
475.641216 1.68457
475.641813 1.68457
475.642398 1.68457
475.642995 1.68457
475.643572 1.68457
475.644171 1.68457
475.644755 1.68457
475.645333 1.68457
475.645897 1.68457
475.646477 1.68457
475.647107 1.68457
475.647725 1.68457
475.648309 1.68457
475.64887 1.68457
475.649465 1.68457
475.650105 1.68457
475.650948 1.68457
475.651454 1.68457
475.651887 1.68457
475.652319 1.68457
475.652753 1.68457
475.653284 1.68457
475.653793 1.68457
475.654303 1.68457
475.65481 1.68457
475.655316 1.68457
475.655813 1.68457
475.656318 1.68457
475.656818 1.68457
475.657327 1.68457
475.657957 1.68457
475.658519 1.68457
475.659077 1.68457
475.659599 1.68457
475.660134 1.68457
475.66064 1.68457
475.661346 1.69434
475.661841 1.69434
475.662275 1.69434
475.662724 1.69434
475.663146 1.69434
475.663545 1.69434
475.663989 1.69434
475.664408 1.69434
475.664809 1.69434
475.665219 1.69434
475.665614 1.69434
475.666054 1.69434
475.666467 1.69434
475.666879 1.69434
475.667299 1.69434
475.667735 1.69434
475.668158 1.69434
475.668559 1.69434
475.669003 1.69434
475.66942 1.69434
475.669827 1.69434
475.670244 1.69434
475.670644 1.69434
475.671098 1.69434
475.671645 1.69922
475.672132 1.69922
475.672548 1.69922
475.672988 1.69922
475.673405 1.69922
475.673811 1.69922
475.674224 1.69922
475.674624 1.69922
475.675068 1.69922
475.675468 1.69922
475.675873 1.69922
475.676285 1.69922
475.67668 1.69922
475.677127 1.69922
475.677534 1.69922
475.677983 1.69922
475.678407 1.69922
475.678808 1.69922
475.67924 1.69922
475.679646 1.69922
475.680095 1.69922
475.680505 1.69922
475.680909 1.69922
475.681327 1.69922
475.681881 1.69922
475.682323 1.69922
475.682749 1.69922
475.683169 1.69922
475.68357 1.69922
475.684012 1.69922
475.684423 1.69922
475.684823 1.69922
475.685251 1.69922
475.685672 1.69922
475.686125 1.69922
475.686517 1.69922
475.686992 1.69922
475.687392 1.69922
475.687778 1.69922
475.688178 1.69922
475.68856 1.69922
475.688974 1.69922
475.689378 1.69922
475.689772 1.69922
475.690175 1.69922
475.690552 1.69922
475.690968 1.69922
475.691369 1.69922
475.691756 1.69922
475.692482 1.68457
475.692895 1.68457
475.693301 1.68457
475.693684 1.68457
475.694108 1.68457
475.694492 1.68457
475.694878 1.68457
475.695275 1.68457
475.695658 1.68457
475.696083 1.68457
475.696466 1.68457
475.696847 1.68457
475.697244 1.68457
475.697625 1.68457
475.698047 1.68457
475.698431 1.68457
475.698819 1.68457
475.699214 1.68457
475.699595 1.68457
475.700021 1.68457
475.700421 1.68457
475.700813 1.68457
475.701214 1.68457
475.701597 1.68457
475.70201 1.68457
475.702413 1.68457
475.702818 1.68457
475.70322 1.68457
475.703604 1.68457
475.704019 1.68457
475.70441 1.68457
475.704792 1.68457
475.705189 1.68457
475.705576 1.68457
475.705993 1.68457
475.706391 1.68457
475.706774 1.68457
475.707168 1.68457
475.707546 1.68457
475.707959 1.68457
475.708359 1.68457
475.708746 1.68457
475.709142 1.68457
475.709526 1.68457
475.709908 1.68457
475.710304 1.68457
475.710726 1.68457
475.711124 1.68457
475.711508 1.68457
475.711893 1.68457
475.712291 1.68457
475.712991 1.6748
475.713406 1.6748
475.713791 1.6748
475.71419 1.6748
475.714576 1.6748
475.71499 1.6748
475.715386 1.6748
475.715772 1.6748
475.716163 1.6748
475.716543 1.6748
475.716951 1.6748
475.717346 1.6748
475.717751 1.6748
475.718146 1.6748
475.71853 1.6748
475.71891 1.6748
475.719306 1.6748
475.719713 1.6748
475.720109 1.6748
475.720491 1.6748
475.720878 1.6748
475.721287 1.6748
475.721672 1.6748
475.722095 1.6748
475.722478 1.6748
475.722879 1.6748
475.723299 1.6748
475.723681 1.6748
475.724119 1.6748
475.724504 1.6748
475.724885 1.6748
475.725286 1.6748
475.725666 1.6748
475.726089 1.6748
475.726477 1.6748
475.726863 1.6748
475.727261 1.6748
475.727645 1.6748
475.728069 1.6748
475.728459 1.6748
475.728844 1.6748
475.729239 1.6748
475.729619 1.6748
475.730043 1.6748
475.730502 1.6748
475.730894 1.6748
475.731302 1.6748
475.731729 1.6748
475.732133 1.6748
475.732515 1.6748
475.733146 1.68945
475.733578 1.68945
475.73401 1.68945
475.734408 1.68945
475.734793 1.68945
475.735193 1.68945
475.735578 1.68945
475.736005 1.68945
475.736404 1.68945
475.736792 1.68945
475.737188 1.68945
475.737568 1.68945
475.737983 1.68945
475.73838 1.68945
475.73877 1.68945
475.739173 1.68945
475.739558 1.68945
475.739972 1.68945
475.740372 1.68945
475.74076 1.68945
475.741159 1.68945
475.741537 1.68945
475.741973 1.68945
475.742371 1.68945
475.74276 1.68945
475.743278 1.68945
475.743684 1.68945
475.744125 1.68945
475.744509 1.68945
475.744891 1.68945
475.745287 1.68945
475.745667 1.68945
475.7461 1.68945
475.746487 1.68945
475.746877 1.68945
475.747271 1.68945
475.747658 1.68945
475.748087 1.68945
475.748471 1.68945
475.748858 1.68945
475.749255 1.68945
475.749634 1.68945
475.75006 1.68945
475.750448 1.68945
475.750843 1.68945
475.751241 1.68945
475.751622 1.68945
475.752051 1.68945
475.752446 1.68945
475.752832 1.68945
475.753231 1.68945
475.75411 1.69922
475.754516 1.69922
475.754904 1.69922
475.7553 1.69922
475.755718 1.69922
475.756138 1.69922
475.756544 1.69922
475.756967 1.69922
475.757378 1.69922
475.757783 1.69922
475.758196 1.69922
475.758589 1.69922
475.759015 1.69922
475.759418 1.69922
475.759812 1.69922
475.760222 1.69922
475.760612 1.69922
475.761033 1.69922
475.761431 1.69922
475.761827 1.69922
475.762229 1.69922
475.762619 1.69922
475.763062 1.69922
475.763463 1.69922
475.763973 1.69922
475.76442 1.69922
475.764826 1.69922
475.765239 1.69922
475.765629 1.69922
475.766068 1.69922
475.766467 1.69922
475.766864 1.69922
475.767273 1.69922
475.767673 1.69922
475.768127 1.69922
475.768521 1.69922
475.768917 1.69922
475.769336 1.69922
475.769753 1.69922
475.770152 1.69922
475.770526 1.69922
475.770904 1.69922
475.771307 1.69922
475.771736 1.69922
475.772158 1.69922
475.772545 1.69922
475.772982 1.69922
475.773399 1.69922
475.773816 1.69922
475.774419 1.6748
475.774876 1.6748
475.775314 1.6748
475.775759 1.6748
475.776185 1.6748
475.776658 1.6748
475.777139 1.6748
475.777527 1.6748
475.777908 1.6748
475.778311 1.6748
475.778724 1.6748
475.779124 1.6748
475.779511 1.6748
475.779965 1.6748
475.780388 1.6748
475.780813 1.6748
475.78123 1.6748
475.781621 1.6748
475.782061 1.6748
475.782454 1.6748
475.782848 1.6748
475.783252 1.6748
475.78364 1.6748
475.784099 1.6748
475.784683 1.68945
475.785161 1.68945
475.785561 1.68945
475.785991 1.68945
475.786395 1.68945
475.786792 1.68945
475.787199 1.68945
475.787587 1.68945
475.788014 1.68945
475.788414 1.68945
475.788807 1.68945
475.789212 1.68945
475.789601 1.68945
475.790031 1.68945
475.790449 1.68945
475.790847 1.68945
475.791274 1.68945
475.791671 1.68945
475.792127 1.68945
475.792526 1.68945
475.792919 1.68945
475.793324 1.68945
475.79374 1.68945
475.794145 1.68945
475.794537 1.68945
475.79504 1.68945
475.795483 1.68945
475.79589 1.68945
475.796299 1.68945
475.796716 1.68945
475.797121 1.68945
475.79751 1.68945
475.797901 1.68945
475.798307 1.68945
475.798727 1.68945
475.799165 1.68945
475.799678 1.68945
475.800261 1.68945
475.800769 1.68945
475.801272 1.68945
475.801771 1.68945
475.802272 1.68945
475.802768 1.68945
475.803243 1.68945
475.8036 1.68945
475.804024 1.68945
475.804394 1.68945
475.804762 1.68945
475.805384 1.69434
475.805896 1.69434
475.80637 1.69434
475.806839 1.69434
475.807312 1.69434
475.80777 1.69434
475.808236 1.69434
475.808712 1.69434
475.809186 1.69434
475.809637 1.69434
475.810121 1.69434
475.810571 1.69434
475.811044 1.69434
475.811513 1.69434
475.811989 1.69434
475.81245 1.69434
475.812895 1.69434
475.813358 1.69434
475.813804 1.69434
475.814253 1.69434
475.814719 1.69434
475.815175 1.69434
475.815645 1.69434
475.816185 1.69434
475.816614 1.69434
475.817058 1.69434
475.817472 1.69434
475.817882 1.69434
475.818298 1.69434
475.818728 1.69434
475.819151 1.69434
475.819557 1.69434
475.819996 1.69434
475.820414 1.69434
475.820818 1.69434
475.821229 1.69434
475.82163 1.69434
475.822129 1.69434
475.822535 1.69434
475.822979 1.69434
475.823409 1.69434
475.823817 1.69434
475.824237 1.69434
475.824682 1.69434
475.825171 1.69434
475.825612 1.69434
475.826116 1.69434
475.826854 1.66992
475.827351 1.66992
475.827778 1.66992
475.828246 1.66992
475.828731 1.66992
475.829207 1.66992
475.829668 1.66992
475.830158 1.66992
475.830616 1.66992
475.831104 1.66992
475.83156 1.66992
475.832037 1.66992
475.832485 1.66992
475.832932 1.66992
475.833388 1.66992
475.833816 1.66992
475.834253 1.66992
475.834671 1.66992
475.835123 1.66992
475.835536 1.66992
475.83598 1.66992
475.836414 1.66992
475.836906 1.66992
475.837397 1.66992
475.837826 1.66992
475.838263 1.66992
475.838684 1.66992
475.839141 1.66992
475.839562 1.66992
475.84001 1.66992
475.84043 1.66992
475.840838 1.66992
475.841261 1.66992
475.841669 1.66992
475.842119 1.66992
475.842521 1.66992
475.842964 1.66992
475.843408 1.66992
475.843821 1.66992
475.844254 1.66992
475.844676 1.66992
475.845152 1.66992
475.845602 1.66992
475.846082 1.66992
475.84653 1.66992
475.847002 1.66992
475.847598 1.66992
475.848182 1.66992
475.848644 1.66992
475.849159 1.66992
475.849617 1.66992
475.850101 1.66992
475.850548 1.66992
475.851008 1.66992
475.85144 1.66992
475.85186 1.66992
475.852342 1.66992
475.852773 1.66992
475.853251 1.66992
475.853755 1.66992
475.854401 1.66992
475.854991 1.66992
475.8555 1.66992
475.85619 1.66992
475.856675 1.66992
475.857176 1.66992
475.857666 1.66992
475.858679 1.66992
475.859435 1.66992
475.860479 1.66992
475.86134 1.66992
475.861892 1.66992
475.862489 1.66992
475.863085 1.66992
475.863677 1.66992
475.864283 1.66992
475.864914 1.66992
475.865509 1.66992
475.866142 1.66992
475.866895 1.66992
475.867922 1.66992
475.868923 1.68945
475.869776 1.68945
475.870635 1.68945
475.871531 1.68945
475.872311 1.68945
475.872809 1.68945
475.873399 1.68945
475.874068 1.68945
475.874723 1.68945
475.875201 1.68945
475.875605 1.68945
475.876031 1.68945
475.876434 1.68945
475.876822 1.68945
475.877217 1.68945
475.877601 1.68945
475.878015 1.68945
475.878409 1.68945
475.878794 1.68945
475.879275 1.69922
475.879665 1.69922
475.88009 1.69922
475.880479 1.69922
475.880974 1.69922
475.88138 1.69922
475.88177 1.69922
475.882164 1.69922
475.882552 1.69922
475.882964 1.69922
475.883364 1.69922
475.883754 1.69922
475.884146 1.69922
475.884533 1.69922
475.884945 1.69922
475.885341 1.69922
475.885748 1.69922
475.886145 1.69922
475.88653 1.69922
475.88695 1.69922
475.887363 1.69922
475.887768 1.69922
475.888169 1.69922
475.888558 1.69922
475.88901 1.69922
475.889679 1.69922
475.89031 1.69922
475.89087 1.69922
475.891376 1.69922
475.891798 1.69922
475.892195 1.69922
475.892585 1.69922
475.893007 1.69922
475.893403 1.69922
475.893768 1.69922
475.894167 1.69922
475.894557 1.69922
475.894968 1.69922
475.895362 1.69922
475.895758 1.69922
475.896164 1.69922
475.896552 1.69922
475.896973 1.69922
475.897377 1.69922
475.89777 1.69922
475.898159 1.69922
475.898544 1.69922
475.898961 1.69922
475.899357 1.69922
475.899837 1.69922
475.900473 1.69434
475.90088 1.69434
475.901299 1.69434
475.901727 1.69434
475.902129 1.69434
475.902523 1.69434
475.902913 1.69434
475.903315 1.69434
475.903725 1.69434
475.904122 1.69434
475.904508 1.69434
475.904894 1.69434
475.905289 1.69434
475.905674 1.69434
475.906092 1.69434
475.906478 1.69434
475.906865 1.69434
475.90726 1.69434
475.907657 1.69434
475.908081 1.69434
475.908472 1.69434
475.90886 1.69434
475.909253 1.69434
475.909639 1.69434
475.910053 1.69434
475.910445 1.69434
475.910847 1.69434
475.911241 1.69434
475.911624 1.69434
475.912041 1.69434
475.912426 1.69434
475.912814 1.69434
475.913206 1.69434
475.913589 1.69434
475.914003 1.69434
475.914392 1.69434
475.914778 1.69434
475.915169 1.69434
475.915551 1.69434
475.915962 1.69434
475.916351 1.69434
475.916742 1.69434
475.917138 1.69434
475.917526 1.69434
475.917943 1.69434
475.918339 1.69434
475.918747 1.69434
475.919145 1.69434
475.919533 1.69434
475.919946 1.69434
475.920342 1.69434
475.920969 1.68457
475.921394 1.68457
475.921791 1.68457
475.922183 1.68457
475.922568 1.68457
475.923001 1.68457
475.9234 1.68457
475.923794 1.68457
475.924188 1.68457
475.924574 1.68457
475.924989 1.68457
475.925387 1.68457
475.925777 1.68457
475.926171 1.68457
475.926559 1.68457
475.926975 1.68457
475.927373 1.68457
475.927766 1.68457
475.928171 1.68457
475.928564 1.68457
475.928982 1.68457
475.929376 1.68457
475.929768 1.68457
475.930159 1.68457
475.930546 1.68457
475.930959 1.68457
475.931534 1.68457
475.931954 1.68457
475.93235 1.68457
475.932743 1.68457
475.93314 1.68457
475.933525 1.68457
475.93391 1.68457
475.934303 1.68457
475.934718 1.68457
475.935118 1.68457
475.935509 1.68457
475.935898 1.68457
475.936297 1.68457
475.936682 1.68457
475.937106 1.68457
475.93749 1.68457
475.93788 1.68457
475.938281 1.68457
475.938681 1.68457
475.939106 1.68457
475.939494 1.68457
475.939881 1.68457
475.940283 1.68457
475.940666 1.68457
475.941084 1.68457
475.941662 1.68945
475.942091 1.68945
475.94248 1.68945
475.942869 1.68945
475.943268 1.68945
475.943655 1.68945
475.944074 1.68945
475.944468 1.68945
475.944859 1.68945
475.945253 1.68945
475.945642 1.68945
475.946062 1.68945
475.946451 1.68945
475.946847 1.68945
475.94724 1.68945
475.947628 1.68945
475.948048 1.68945
475.948434 1.68945
475.948839 1.68945
475.949257 1.68945
475.949649 1.68945
475.950077 1.68945
475.950472 1.68945
475.950863 1.68945
475.951259 1.68945
475.951648 1.68945
475.952255 1.68945
475.952656 1.68945
475.953087 1.68945
475.953479 1.68945
475.953873 1.68945
475.954277 1.68945
475.954668 1.68945
475.955093 1.68945
475.955481 1.68945
475.955873 1.68945
475.956278 1.68945
475.956665 1.68945
475.957084 1.68945
475.957469 1.68945
475.957891 1.68945
475.958287 1.68945
475.958677 1.68945
475.959099 1.68945
475.959492 1.68945
475.959888 1.68945
475.960286 1.68945
475.960673 1.68945
475.961093 1.68945
475.96148 1.68945
475.961868 1.68945
475.962266 1.68945
475.962863 1.68457
475.96326 1.68457
475.963648 1.68457
475.964069 1.68457
475.964451 1.68457
475.964835 1.68457
475.965222 1.68457
475.965602 1.68457
475.966009 1.68457
475.9664 1.68457
475.966784 1.68457
475.967175 1.68457
475.967558 1.68457
475.967968 1.68457
475.968362 1.68457
475.968753 1.68457
475.969148 1.68457
475.96959 1.68457
475.970016 1.68457
475.970427 1.68457
475.970819 1.68457
475.971209 1.68457
475.971595 1.68457
475.97201 1.68457
475.972406 1.68457
475.972938 1.68457
475.97335 1.68457
475.973744 1.68457
475.974141 1.68457
475.974526 1.68457
475.97491 1.68457
475.975309 1.68457
475.975725 1.68457
475.97612 1.68457
475.976504 1.68457
475.976893 1.68457
475.977293 1.68457
475.977681 1.68457
475.978097 1.68457
475.978487 1.68457
475.978876 1.68457
475.979268 1.68457
475.97965 1.68457
475.980066 1.68457
475.980454 1.68457
475.980846 1.68457
475.981236 1.68457
475.981618 1.68457
475.982026 1.68457
475.98242 1.68457
475.982805 1.68457
475.983354 1.68945
475.983755 1.68945
475.984156 1.68945
475.984545 1.68945
475.984958 1.68945
475.985351 1.68945
475.985741 1.68945
475.986137 1.68945
475.986524 1.68945
475.986908 1.68945
475.987308 1.68945
475.987714 1.68945
475.988105 1.68945
475.988489 1.68945
475.988874 1.68945
475.989298 1.68945
475.989774 1.68945
475.990178 1.68945
475.990567 1.68945
475.990991 1.68945
475.991421 1.68945
475.991887 1.68945
475.992294 1.68945
475.992686 1.68945
475.993112 1.68945
475.99368 1.68945
475.994103 1.68945
475.994496 1.68945
475.994885 1.68945
475.995284 1.68945
475.995671 1.68945
475.996093 1.68945
475.996482 1.68945
475.99687 1.68945
475.997265 1.68945
475.99765 1.68945
475.99807 1.68945
475.998456 1.68945
475.99884 1.68945
475.999228 1.68945
475.999612 1.68945
476.000019 1.68945
476.000407 1.68945
476.000794 1.68945
476.001187 1.68945
476.001579 1.68945
476.001998 1.68945
476.00239 1.68945
476.002774 1.68945
476.003163 1.68945
476.00355 1.68945
476.004055 1.68945
476.004455 1.68945
476.004845 1.68945
476.005234 1.68945
476.005619 1.68945
476.006037 1.68945
476.006426 1.68945
476.006812 1.68945
476.007199 1.68945
476.007583 1.68945
476.007997 1.68945
476.008391 1.68945
476.00878 1.68945
476.009171 1.68945
476.009555 1.68945
476.009966 1.68945
476.010361 1.68945
476.010748 1.68945
476.011141 1.68945
476.011523 1.68945
476.011906 1.68945
476.012315 1.68945
476.012732 1.68945
476.013127 1.68945
476.013512 1.68945
476.013896 1.68945
476.014413 1.67969
476.014802 1.67969
476.015192 1.67969
476.015576 1.67969
476.015997 1.67969
476.016387 1.67969
476.016772 1.67969
476.017163 1.67969
476.017549 1.67969
476.017962 1.67969
476.018358 1.67969
476.018742 1.67969
476.01913 1.67969
476.019513 1.67969
476.019901 1.67969
476.020303 1.67969
476.020717 1.67969
476.021114 1.67969
476.021497 1.67969
476.021881 1.67969
476.022283 1.67969
476.022681 1.67969
476.023105 1.67969
476.023494 1.67969
476.023886 1.67969
476.024286 1.67969
476.02475 1.67969
476.025172 1.67969
476.025561 1.67969
476.025981 1.67969
476.026375 1.67969
476.026766 1.67969
476.027157 1.67969
476.027541 1.67969
476.027951 1.67969
476.028344 1.67969
476.028747 1.67969
476.029144 1.67969
476.029536 1.67969
476.029951 1.67969
476.03035 1.67969
476.030744 1.67969
476.031141 1.67969
476.031528 1.67969
476.031915 1.67969
476.032316 1.67969
476.032725 1.67969
476.033129 1.67969
476.033516 1.67969
476.0339 1.67969
476.034297 1.67969
476.034707 1.67969
476.035275 1.67969
476.035676 1.67969
476.036105 1.67969
476.0365 1.67969
476.036889 1.67969
476.03729 1.67969
476.03768 1.67969
476.0381 1.67969
476.038484 1.67969
476.038872 1.67969
476.039269 1.67969
476.039658 1.67969
476.040078 1.67969
476.040468 1.67969
476.040857 1.67969
476.041251 1.67969
476.041639 1.67969
476.042051 1.67969
476.042436 1.67969
476.042823 1.67969
476.043215 1.67969
476.04361 1.67969
476.044028 1.67969
476.044426 1.67969
476.044816 1.67969
476.04521 1.67969
476.045766 1.67969
476.046161 1.67969
476.046551 1.67969
476.046971 1.67969
476.047366 1.67969
476.047755 1.67969
476.048149 1.67969
476.048534 1.67969
476.048963 1.67969
476.049368 1.67969
476.049757 1.67969
476.050145 1.67969
476.05053 1.67969
476.050914 1.67969
476.051311 1.67969
476.051715 1.67969
476.052119 1.67969
476.052506 1.67969
476.052891 1.67969
476.053293 1.67969
476.053681 1.67969
476.05411 1.67969
476.054495 1.67969
476.054885 1.67969
476.05528 1.67969
476.055916 1.68945
476.056312 1.68945
476.056727 1.68945
476.057178 1.68945
476.057573 1.68945
476.057996 1.68945
476.058397 1.68945
476.058785 1.68945
476.059177 1.68945
476.059562 1.68945
476.059973 1.68945
476.060364 1.68945
476.060751 1.68945
476.061143 1.68945
476.061527 1.68945
476.061945 1.68945
476.062348 1.68945
476.062744 1.68945
476.063142 1.68945
476.063541 1.68945
476.063958 1.68945
476.064367 1.68945
476.064766 1.68945
476.065161 1.68945
476.065555 1.68945
476.066073 1.68945
476.066711 1.68945
476.067137 1.68945
476.067553 1.68945
476.068 1.68945
476.068421 1.68945
476.068834 1.68945
476.069246 1.68945
476.069668 1.68945
476.070116 1.68945
476.070534 1.68945
476.070985 1.68945
476.071419 1.68945
476.071845 1.68945
476.072278 1.68945
476.072728 1.68945
476.073157 1.68945
476.073576 1.68945
476.074023 1.68945
476.074457 1.68945
476.074883 1.68945
476.075325 1.68945
476.075748 1.68945
476.076145 1.68945
476.076913 1.71387
476.077507 1.71387
476.078082 1.71387
476.078592 1.71387
476.079132 1.71387
476.079619 1.71387
476.080103 1.71387
476.080538 1.71387
476.081007 1.71387
476.081472 1.71387
476.081877 1.71387
476.08229 1.71387
476.082717 1.71387
476.083142 1.71387
476.083585 1.71387
476.08408 1.71387
476.084583 1.71387
476.085234 1.71387
476.08596 1.71387
476.087033 1.71387
476.088273 1.69922
476.088938 1.69922
476.089441 1.69922
476.089895 1.69922
476.090352 1.69922
476.09078 1.69922
476.091237 1.69922
476.091717 1.69922
476.09216 1.69922
476.092584 1.69922
476.093063 1.69922
476.093589 1.69922
476.094165 1.69922
476.094685 1.69922
476.095254 1.69922
476.095783 1.69922
476.096318 1.69922
476.096844 1.69922
476.097399 1.69922
476.098166 1.69922
476.09877 1.69922
476.099295 1.69922
476.099762 1.69922
476.100209 1.69922
476.100633 1.69922
476.101101 1.69922
476.101519 1.69922
476.101969 1.69922
476.102427 1.69922
476.102873 1.69922
476.103314 1.69922
476.103772 1.69922
476.104301 1.69922
476.104921 1.69922
476.105491 1.69922
476.106324 1.69922
476.107324 1.69922
476.10913 1.70898
476.110303 1.70898
476.111205 1.70898
476.111769 1.70898
476.112281 1.70898
476.112864 1.70898
476.113943 1.70898
476.115035 1.70898
476.116247 1.70898
476.117461 1.70898
476.11866 1.70898
476.120446 1.70898
476.121096 1.70898
476.121568 1.70898
476.12211 1.70898
476.122505 1.70898
476.122866 1.70898
476.123238 1.70898
476.12359 1.70898
476.123969 1.70898
476.124325 1.70898
476.12467 1.70898
476.125066 1.70898
476.12541 1.70898
476.125756 1.70898
476.126179 1.70898
476.12653 1.70898
476.126885 1.70898
476.127251 1.70898
476.1276 1.70898
476.127986 1.70898
476.128341 1.70898
476.128708 1.70898
476.129063 1.70898
476.129406 1.70898
476.129758 1.70898
476.130281 1.71387
476.130671 1.71387
476.131075 1.71387
476.131422 1.71387
476.13177 1.71387
476.132129 1.71387
476.132483 1.71387
476.13285 1.71387
476.133226 1.71387
476.133584 1.71387
476.133972 1.71387
476.134336 1.71387
476.134685 1.71387
476.135062 1.71387
476.135413 1.71387
476.135761 1.71387
476.136113 1.71387
476.136459 1.71387
476.136805 1.71387
476.137155 1.71387
476.137502 1.71387
476.137876 1.71387
476.138318 1.71387
476.138745 1.71387
476.139152 1.71387
476.139542 1.71387
476.139966 1.71387
476.140354 1.71387
476.141024 1.71387
476.141459 1.71387
476.141939 1.71387
476.142395 1.71387
476.142835 1.71387
476.14326 1.71387
476.143672 1.71387
476.144125 1.71387
476.144537 1.71387
476.144977 1.71387
476.1455 1.71387
476.146116 1.71387
476.146657 1.71387
476.147215 1.71387
476.147741 1.71387
476.148259 1.71387
476.148767 1.71387
476.149274 1.71387
476.149772 1.71387
476.150272 1.71387
476.150934 1.6748
476.151495 1.6748
476.152051 1.6748
476.15257 1.6748
476.153122 1.6748
476.153651 1.6748
476.154192 1.6748
476.154714 1.6748
476.155237 1.6748
476.155739 1.6748
476.156237 1.6748
476.156738 1.6748
476.157245 1.6748
476.157749 1.6748
476.158252 1.6748
476.158749 1.6748
476.159247 1.6748
476.159752 1.6748
476.160254 1.6748
476.160747 1.6748
476.161252 1.6748
476.161787 1.6748
476.162298 1.6748
476.162874 1.6748
476.163411 1.6748
476.163985 1.6748
476.164516 1.6748
476.165054 1.6748
476.165571 1.6748
476.166102 1.6748
476.166631 1.6748
476.167164 1.6748
476.16775 1.6748
476.168272 1.6748
476.168819 1.6748
476.169336 1.6748
476.169842 1.6748
476.170345 1.6748
476.170846 1.6748
476.171498 1.66992
476.172143 1.66992
476.172679 1.66992
476.173227 1.66992
476.173742 1.66992
476.174256 1.66992
476.174777 1.66992
476.175315 1.66992
476.175822 1.66992
476.176332 1.66992
476.176832 1.66992
476.177338 1.66992
476.177835 1.66992
476.178346 1.66992
476.178893 1.66992
476.179324 1.66992
476.179744 1.66992
476.180161 1.66992
476.180575 1.66992
476.181033 1.66992
476.181462 1.66992
476.182051 1.66992
476.18251 1.66992
476.182993 1.66992
476.183437 1.66992
476.183877 1.66992
476.184317 1.66992
476.184753 1.66992
476.185175 1.66992
476.185597 1.66992
476.186059 1.66992
476.186483 1.66992
476.186911 1.66992
476.187354 1.66992
476.187768 1.66992
476.188188 1.66992
476.188602 1.66992
476.189041 1.66992
476.189458 1.66992
476.189874 1.66992
476.190302 1.66992
476.190743 1.66992
476.19117 1.66992
476.191579 1.66992
476.192028 1.66992
476.192666 1.64063
476.193132 1.64063
476.193547 1.64063
476.193995 1.64063
476.194417 1.64063
476.194833 1.64063
476.195254 1.64063
476.195664 1.64063
476.19612 1.64063
476.196546 1.64063
476.196994 1.64063
476.197416 1.64063
476.197831 1.64063
476.198252 1.64063
476.198667 1.64063
476.19911 1.64063
476.199526 1.64063
476.199988 1.64063
476.200428 1.64063
476.200852 1.64063
476.201277 1.64063
476.201721 1.64063
476.202145 1.64063
476.202737 1.60645
476.203188 1.60645
476.203608 1.60645
476.204136 1.60645
476.20456 1.60645
476.205009 1.60645
476.205462 1.60645
476.205974 1.60645
476.206403 1.60645
476.206812 1.60645
476.20721 1.60645
476.2076 1.60645
476.208021 1.60645
476.20842 1.60645
476.208816 1.60645
476.209209 1.60645
476.209596 1.60645
476.210011 1.60645
476.210405 1.60645
476.2108 1.60645
476.211196 1.60645
476.211585 1.60645
476.212006 1.60645
476.212403 1.60645
476.212792 1.60645
476.213326 1.60645
476.213741 1.60645
476.214137 1.60645
476.214519 1.60645
476.214907 1.60645
476.215305 1.60645
476.215711 1.60645
476.216109 1.60645
476.216498 1.60645
476.216892 1.60645
476.217318 1.60645
476.217739 1.60645
476.218142 1.60645
476.218534 1.60645
476.218951 1.60645
476.219353 1.60645
476.21975 1.60645
476.220188 1.60645
476.220584 1.60645
476.221008 1.60645
476.221404 1.60645
476.221793 1.60645
476.222185 1.60645
476.22257 1.60645
476.222986 1.60645
476.223525 1.65039
476.223981 1.65039
476.22439 1.65039
476.22478 1.65039
476.225171 1.65039
476.225556 1.65039
476.225971 1.65039
476.226368 1.65039
476.226755 1.65039
476.227144 1.65039
476.227541 1.65039
476.227968 1.65039
476.228369 1.65039
476.228766 1.65039
476.229162 1.65039
476.229551 1.65039
476.229967 1.65039
476.230363 1.65039
476.230753 1.65039
476.231147 1.65039
476.231533 1.65039
476.23195 1.65039
476.23235 1.65039
476.232739 1.65039
476.233136 1.65039
476.233523 1.65039
476.234055 1.65039
476.234467 1.65039
476.234859 1.65039
476.235262 1.65039
476.235656 1.65039
476.236091 1.65039
476.236494 1.65039
476.236883 1.65039
476.237283 1.65039
476.23767 1.65039
476.238094 1.65039
476.238487 1.65039
476.238875 1.65039
476.239273 1.65039
476.239658 1.65039
476.240086 1.65039
476.240487 1.65039
476.240876 1.65039
476.241275 1.65039
476.241668 1.65039
476.242081 1.65039
476.242469 1.65039
476.242857 1.65039
476.243254 1.65039
476.243641 1.65039
476.244207 1.66504
476.244622 1.66504
476.24505 1.66504
476.245442 1.66504
476.245831 1.66504
476.246225 1.66504
476.246612 1.66504
476.247024 1.66504
476.24742 1.66504
476.247817 1.66504
476.248213 1.66504
476.248602 1.66504
476.249021 1.66504
476.24942 1.66504
476.249812 1.66504
476.250202 1.66504
476.250595 1.66504
476.251014 1.66504
476.251412 1.66504
476.251799 1.66504
476.252192 1.66504
476.252577 1.66504
476.252993 1.66504
476.253394 1.66504
476.253784 1.66504
476.254176 1.66504
476.254672 1.66504
476.255109 1.66504
476.255499 1.66504
476.255887 1.66504
476.256281 1.66504
476.25667 1.66504
476.257118 1.66504
476.257521 1.66504
476.257914 1.66504
476.258316 1.66504
476.258724 1.66504
476.259145 1.66504
476.259533 1.66504
476.25995 1.66504
476.260347 1.66504
476.260823 1.66504
476.26133 1.66504
476.261798 1.66504
476.262257 1.66504
476.262686 1.66504
476.263179 1.66504
476.26365 1.66504
476.264132 1.66504
476.264539 1.66504
476.265154 1.66992
476.265546 1.66992
476.265904 1.66992
476.266275 1.66992
476.266626 1.66992
476.267004 1.66992
476.267359 1.66992
476.267729 1.66992
476.268083 1.66992
476.268433 1.66992
476.268785 1.66992
476.269138 1.66992
476.269485 1.66992
476.269839 1.66992
476.270198 1.66992
476.270547 1.66992
476.270933 1.66992
476.271353 1.66992
476.271756 1.66992
476.272158 1.66992
476.272543 1.66992
476.272973 1.66992
476.273388 1.66992
476.273782 1.66992
476.274193 1.66992
476.274641 1.66992
476.275222 1.67969
476.275652 1.67969
476.276086 1.67969
476.27648 1.67969
476.282183 1.67969
476.282614 1.67969
476.283042 1.67969
476.283453 1.67969
476.283849 1.67969
476.284245 1.67969
476.284673 1.67969
476.285168 1.67969
476.285652 1.67969
476.286113 1.67969
476.286513 1.67969
476.286904 1.67969
476.287303 1.67969
476.287714 1.67969
476.288117 1.67969
476.288519 1.67969
476.288915 1.67969
476.28933 1.67969
476.289747 1.67969
476.290158 1.67969
476.290554 1.67969
476.291057 1.67969
476.291466 1.67969
476.291878 1.67969
476.292299 1.67969
476.292726 1.67969
476.293136 1.67969
476.293535 1.67969
476.293973 1.67969
476.294405 1.67969
476.294853 1.67969
476.29531 1.67969
476.295866 1.67969
476.296462 1.70898
476.296906 1.70898
476.297471 1.70898
476.298095 1.70898
476.298671 1.70898
476.299301 1.70898
476.299855 1.70898
476.300448 1.70898
476.301125 1.70898
476.301755 1.70898
476.302327 1.70898
476.302963 1.70898
476.303555 1.70898
476.304061 1.70898
476.304474 1.70898
476.304887 1.70898
476.305311 1.70898
476.305786 1.70898
476.306299 1.70898
476.306925 1.70898
476.307385 1.70898
476.307816 1.70898
476.308246 1.70898
476.308671 1.70898
476.30913 1.70898
476.309541 1.70898
476.309991 1.70898
476.310412 1.70898
476.310841 1.70898
476.311352 1.70898
476.311789 1.70898
476.312216 1.70898
476.312628 1.70898
476.313094 1.70898
476.31353 1.70898
476.314014 1.70898
476.314474 1.70898
476.31489 1.70898
476.315317 1.70898
476.31574 1.70898
476.316178 1.70898
476.316605 1.70898
476.31735 1.70898
476.317938 1.70898
476.318457 1.70898
476.318904 1.70898
476.319355 1.70898
476.319785 1.70898
476.320216 1.70898
476.320637 1.70898
476.321161 1.70898
476.321586 1.70898
476.32203 1.70898
476.322449 1.70898
476.322874 1.70898
476.323309 1.70898
476.323745 1.70898
476.324174 1.70898
476.324585 1.70898
476.325022 1.70898
476.325445 1.70898
476.325859 1.70898
476.326281 1.70898
476.326722 1.70898
476.32715 1.70898
476.327567 1.70898
476.32802 1.70898
476.328516 1.70898
476.328984 1.70898
476.329389 1.70898
476.32978 1.70898
476.330245 1.70898
476.33064 1.70898
476.331165 1.70898
476.331564 1.70898
476.331985 1.70898
476.33239 1.70898
476.332781 1.70898
476.333172 1.70898
476.333559 1.70898
476.333978 1.70898
476.334383 1.70898
476.334837 1.70898
476.335245 1.70898
476.335643 1.70898
476.336104 1.70898
476.336517 1.70898
476.336961 1.70898
476.337389 1.70898
476.338018 1.7041
476.338544 1.7041
476.339089 1.7041
476.33962 1.7041
476.340075 1.7041
476.340504 1.7041
476.340958 1.7041
476.341394 1.7041
476.341815 1.7041
476.342243 1.7041
476.342662 1.7041
476.343112 1.7041
476.343532 1.7041
476.343983 1.7041
476.344414 1.7041
476.344825 1.7041
476.345231 1.7041
476.345634 1.7041
476.346069 1.7041
476.346475 1.7041
476.346877 1.7041
476.347287 1.7041
476.347681 1.7041
476.348083 1.7041
476.34868 1.7041
476.349169 1.7041
476.349774 1.7041
476.350192 1.7041
476.350589 1.7041
476.351033 1.7041
476.351457 1.7041
476.351861 1.7041
476.352271 1.7041
476.352664 1.7041
476.353084 1.7041
476.35347 1.7041
476.353858 1.7041
476.354262 1.7041
476.354655 1.7041
476.355084 1.7041
476.35549 1.7041
476.355878 1.7041
476.356278 1.7041
476.356675 1.7041
476.357106 1.7041
476.357574 1.7041
476.358022 1.7041
476.358451 1.7041
476.359204 1.7041
476.359919 1.7041
476.36061 1.7041
476.361257 1.7041
476.361835 1.7041
476.362407 1.7041
476.362998 1.7041
476.363568 1.7041
476.364146 1.7041
476.36468 1.7041
476.365245 1.7041
476.365931 1.7041
476.366544 1.7041
476.367157 1.7041
476.367752 1.7041
476.368334 1.7041
476.368906 1.7041
476.369505 1.7041
476.370286 1.7041
476.371183 1.7041
476.371951 1.7041
476.372686 1.7041
476.373348 1.7041
476.373901 1.7041
476.374415 1.7041
476.374911 1.7041
476.375423 1.7041
476.375958 1.7041
476.37647 1.7041
476.377002 1.7041
476.377512 1.7041
476.378054 1.7041
476.378568 1.7041
476.379099 1.7041
476.37976 1.7041
476.380354 1.7041
476.380902 1.7041
476.381481 1.7041
476.382042 1.7041
476.382663 1.7041
476.38325 1.7041
476.383781 1.7041
476.384311 1.7041
476.384833 1.7041
476.385356 1.7041
476.385877 1.7041
476.386381 1.7041
476.386877 1.7041
476.387373 1.7041
476.387884 1.7041
476.38841 1.7041
476.388911 1.7041
476.389423 1.7041
476.389944 1.7041
476.390573 1.7041
476.391137 1.7041
476.391758 1.7041
476.392402 1.7041
476.392991 1.7041
476.393522 1.7041
476.394151 1.7041
476.394672 1.7041
476.395221 1.7041
476.395744 1.7041
476.39625 1.7041
476.396747 1.7041
476.397247 1.7041
476.397739 1.7041
476.398236 1.7041
476.398749 1.7041
476.399252 1.7041
476.399747 1.7041
476.400244 1.7041
476.400865 1.7041
476.401413 1.7041
476.401939 1.7041
476.402491 1.7041
476.40311 1.7041
476.403637 1.7041
476.40418 1.7041
476.404682 1.7041
476.405293 1.7041
476.405803 1.7041
476.406307 1.7041
476.406824 1.7041
476.40738 1.7041
476.407911 1.7041
476.40845 1.7041
476.408986 1.7041
476.409507 1.7041
476.410048 1.7041
476.41056 1.7041
476.411238 1.70898
476.411656 1.70898
476.412094 1.70898
476.412489 1.70898
476.412896 1.70898
476.413406 1.70898
476.413817 1.70898
476.414217 1.70898
476.414608 1.70898
476.415097 1.70898
476.415505 1.70898
476.415898 1.70898
476.416291 1.70898
476.416673 1.70898
476.417096 1.70898
476.417487 1.70898
476.417873 1.70898
476.418265 1.70898
476.41865 1.70898
476.41907 1.70898
476.419452 1.70898
476.419834 1.70898
476.420224 1.70898
476.420609 1.70898
476.421034 1.70898
476.421544 1.70898
476.421983 1.70898
476.422382 1.70898
476.422777 1.70898
476.423173 1.70898
476.423676 1.70898
476.424203 1.70898
476.424615 1.70898
476.425035 1.70898
476.425428 1.70898
476.425821 1.70898
476.426216 1.70898
476.426604 1.70898
476.42706 1.70898
476.427459 1.70898
476.427851 1.70898
476.428273 1.70898
476.42873 1.70898
476.429306 1.70898
476.429801 1.70898
476.430215 1.70898
476.430607 1.70898
476.431205 1.70898
476.431656 1.68457
476.432208 1.68457
476.43266 1.68457
476.4332 1.68457
476.433599 1.68457
476.434041 1.68457
476.43456 1.68457
476.435014 1.68457
476.435418 1.68457
476.435811 1.68457
476.436207 1.68457
476.436596 1.68457
476.437016 1.68457
476.43741 1.68457
476.437799 1.68457
476.438192 1.68457
476.438576 1.68457
476.438996 1.68457
476.439388 1.68457
476.439782 1.68457
476.44017 1.68457
476.440554 1.68457
476.440971 1.68457
476.441363 1.68457
476.441766 1.68457
476.442336 1.68457
476.44274 1.68457
476.443138 1.68457
476.443527 1.68457
476.443915 1.68457
476.444315 1.68457
476.444803 1.68457
476.445285 1.68457
476.445721 1.68457
476.446127 1.68457
476.446518 1.68457
476.446906 1.68457
476.447306 1.68457
476.447713 1.68457
476.448112 1.68457
476.4485 1.68457
476.448896 1.68457
476.449308 1.68457
476.449726 1.68457
476.450126 1.68457
476.450514 1.68457
476.451006 1.68457
476.451401 1.68457
476.451792 1.68457
476.452202 1.68457
476.452787 1.69922
476.453205 1.69922
476.4536 1.69922
476.454019 1.69922
476.454414 1.69922
476.454802 1.69922
476.455222 1.69922
476.455733 1.69922
476.456156 1.69922
476.45655 1.69922
476.456968 1.69922
476.45736 1.69922
476.457751 1.69922
476.458142 1.69922
476.458526 1.69922
476.45891 1.69922
476.459378 1.69922
476.459772 1.69922
476.460166 1.69922
476.460555 1.69922
476.460972 1.69922
476.461365 1.69922
476.461752 1.69922
476.462139 1.69922
476.462523 1.69922
476.463066 1.69922
476.463473 1.69922
476.46386 1.69922
476.46425 1.69922
476.46464 1.69922
476.465062 1.69922
476.465448 1.69922
476.465884 1.69922
476.466371 1.69922
476.466779 1.69922
476.467178 1.69922
476.467565 1.69922
476.46806 1.69922
476.468467 1.69922
476.468861 1.69922
476.469249 1.69922
476.469635 1.69922
476.470112 1.69922
476.470504 1.69922
476.470894 1.69922
476.471292 1.69922
476.471675 1.69922
476.472091 1.69922
476.472477 1.69922
476.472878 1.69922
476.473485 1.69434
476.473894 1.69434
476.474296 1.69434
476.474685 1.69434
476.475104 1.69434
476.475488 1.69434
476.475871 1.69434
476.476286 1.69434
476.476848 1.69434
476.477271 1.69434
476.477667 1.69434
476.478093 1.69434
476.478483 1.69434
476.478868 1.69434
476.479258 1.69434
476.479645 1.69434
476.480129 1.69434
476.480517 1.69434
476.480905 1.69434
476.481303 1.69434
476.481715 1.69434
476.48215 1.69434
476.482547 1.69434
476.482969 1.69434
476.483482 1.69434
476.483895 1.69434
476.484302 1.69434
476.484713 1.69434
476.48511 1.69434
476.485565 1.69434
476.485999 1.69434
476.486412 1.69434
476.486891 1.69434
476.487362 1.69434
476.48777 1.69434
476.488168 1.69434
476.488555 1.69434
476.488984 1.69434
476.489382 1.69434
476.489773 1.69434
476.490164 1.69434
476.490546 1.69434
476.490961 1.69434
476.491357 1.69434
476.49175 1.69434
476.492138 1.69434
476.492521 1.69434
476.492904 1.69434
476.493311 1.69434
476.493812 1.70898
476.494322 1.70898
476.494739 1.70898
476.495133 1.70898
476.495518 1.70898
476.495898 1.70898
476.496291 1.70898
476.496669 1.70898
476.49708 1.70898
476.497491 1.70898
476.497973 1.70898
476.498384 1.70898
476.498775 1.70898
476.49938 1.70898
476.499815 1.70898
476.500217 1.70898
476.500604 1.70898
476.501025 1.70898
476.501416 1.70898
476.501806 1.70898
476.502199 1.70898
476.502584 1.70898
476.50307 1.70898
476.503485 1.70898
476.504011 1.68457
476.504445 1.68457
476.504842 1.68457
476.505234 1.68457
476.505619 1.68457
476.506043 1.68457
476.506443 1.68457
476.506894 1.68457
476.507304 1.68457
476.50774 1.68457
476.50828 1.68457
476.508802 1.68457
476.509328 1.68457
476.510146 1.68457
476.510724 1.68457
476.51118 1.68457
476.511605 1.68457
476.512061 1.68457
476.512482 1.68457
476.513003 1.68457
476.513429 1.68457
476.513849 1.68457
476.514314 1.68457
476.515077 1.68457
476.515513 1.68457
476.51597 1.68457
476.516397 1.68457
476.516816 1.68457
476.517236 1.68457
476.517644 1.68457
476.518087 1.68457
476.518497 1.68457
476.518924 1.68457
476.519472 1.68457
476.520028 1.68457
476.52047 1.68457
476.520881 1.68457
476.521298 1.68457
476.521732 1.68457
476.522153 1.68457
476.52264 1.68457
476.523105 1.68457
476.52353 1.68457
476.52397 1.68457
476.524385 1.68457
476.524801 1.68457
476.525558 1.67969
476.526066 1.67969
476.526499 1.67969
476.526916 1.67969
476.527333 1.67969
476.527748 1.67969
476.528163 1.67969
476.528572 1.67969
476.529017 1.67969
476.529429 1.67969
476.529835 1.67969
476.530296 1.67969
476.530768 1.67969
476.531209 1.67969
476.531624 1.67969
476.532138 1.67969
476.532558 1.67969
476.532997 1.67969
476.533414 1.67969
476.533818 1.67969
476.53423 1.67969
476.534636 1.67969
476.535074 1.67969
476.535494 1.67969
476.535988 1.67969
476.536423 1.67969
476.536823 1.67969
476.537216 1.67969
476.537602 1.67969
476.538019 1.67969
476.538418 1.67969
476.538818 1.67969
476.539251 1.67969
476.539642 1.67969
476.540069 1.67969
476.540459 1.67969
476.540969 1.67969
476.541436 1.67969
476.541847 1.67969
476.542256 1.67969
476.542646 1.67969
476.543076 1.67969
476.543467 1.67969
476.54388 1.67969
476.544302 1.67969
476.544719 1.67969
476.545124 1.67969
476.545514 1.67969
476.545907 1.67969
476.546456 1.68945
476.546878 1.68945
476.547288 1.68945
476.54768 1.68945
476.548104 1.68945
476.548495 1.68945
476.548887 1.68945
476.549288 1.68945
476.549751 1.68945
476.550154 1.68945
476.550549 1.68945
476.550972 1.68945
476.551373 1.68945
476.551848 1.68945
476.552292 1.68945
476.552723 1.68945
476.553127 1.68945
476.553516 1.68945
476.553908 1.68945
476.554307 1.68945
476.554718 1.68945
476.555117 1.68945
476.555532 1.68945
476.556034 1.68945
476.556453 1.68945
476.557004 1.68945
476.55742 1.68945
476.557813 1.68945
476.558213 1.68945
476.558667 1.68945
476.5591 1.68945
476.559493 1.68945
476.559895 1.68945
476.560313 1.68945
476.56073 1.68945
476.561137 1.68945
476.561532 1.68945
476.56195 1.68945
476.562386 1.68945
476.562828 1.68945
476.563256 1.68945
476.563763 1.68945
476.564219 1.68945
476.564629 1.68945
476.565061 1.68945
476.565455 1.68945
476.565849 1.68945
476.566264 1.68945
476.566657 1.68945
476.567385 1.68945
476.567909 1.68945
476.568349 1.68945
476.568768 1.68945
476.569194 1.68945
476.569616 1.68945
476.570119 1.68945
476.570765 1.68945
476.571417 1.68945
476.572008 1.68945
476.572454 1.68945
476.573 1.68945
476.573514 1.68945
476.574008 1.68945
476.574448 1.68945
476.574877 1.68945
476.575287 1.68945
476.575679 1.68945
476.576124 1.68945
476.576531 1.68945
476.576956 1.68945
476.577383 1.68945
476.577872 1.68945
476.578288 1.68945
476.578678 1.68945
476.579103 1.68945
476.5795 1.68945
476.5799 1.68945
476.580316 1.68945
476.580731 1.68945
476.581132 1.68945
476.581523 1.68945
476.581913 1.68945
476.582315 1.68945
476.582723 1.68945
476.583127 1.68945
476.583577 1.68945
476.584187 1.68945
476.584645 1.68945
476.585125 1.68945
476.585565 1.68945
476.586039 1.68945
476.586471 1.68945
476.586971 1.68945
476.587394 1.68945
476.588228 1.6748
476.588826 1.6748
476.589337 1.6748
476.589784 1.6748
476.590236 1.6748
476.590678 1.6748
476.59127 1.6748
476.591836 1.6748
476.592385 1.6748
476.59297 1.6748
476.593539 1.6748
476.594158 1.6748
476.594845 1.6748
476.595432 1.6748
476.596237 1.6748
476.597079 1.6748
476.597824 1.6748
476.59853 1.68945
476.599208 1.68945
476.599934 1.68945
476.600586 1.68945
476.60132 1.68945
476.602 1.68945
476.602786 1.68945
476.603579 1.68945
476.604599 1.68945
476.606443 1.68945
476.608369 1.68945
476.61094 1.68945
476.611768 1.68945
476.61328 1.68945
476.614863 1.68945
476.616394 1.68945
476.61787 1.68945
476.61893 1.68945
476.619483 1.68945
476.619981 1.68945
476.620531 1.68945
476.621194 1.68945
476.62166 1.68945
476.622102 1.68945
476.622495 1.68945
476.622885 1.68945
476.623285 1.68945
476.623675 1.68945
476.624105 1.68945
476.624505 1.68945
476.624893 1.68945
476.625296 1.68945
476.625683 1.68945
476.6261 1.68945
476.626487 1.68945
476.626876 1.68945
476.627275 1.68945
476.627674 1.68945
476.628096 1.68945
476.628513 1.68945
476.629136 1.68945
476.62975 1.68945
476.630211 1.68945
476.630731 1.68945
476.631232 1.68945
476.631655 1.68945
476.632093 1.68945
476.632493 1.68945
476.63288 1.68945
476.633281 1.68945
476.633671 1.68945
476.634097 1.68945
476.634481 1.68945
476.634873 1.68945
476.635281 1.68945
476.635672 1.68945
476.63609 1.68945
476.636479 1.68945
476.63687 1.68945
476.637271 1.68945
476.637659 1.68945
476.638097 1.68945
476.638485 1.68945
476.638873 1.68945
476.639344 1.68945
476.63975 1.68945
476.640145 1.68945
476.640534 1.68945
476.640948 1.68945
476.641356 1.68945
476.641979 1.69434
476.642383 1.69434
476.642773 1.69434
476.643167 1.69434
476.643557 1.69434
476.643977 1.69434
476.644377 1.69434
476.644764 1.69434
476.645154 1.69434
476.64554 1.69434
476.645961 1.69434
476.646359 1.69434
476.646751 1.69434
476.647143 1.69434
476.647532 1.69434
476.648024 1.69434
476.648441 1.69434
476.648837 1.69434
476.649235 1.69434
476.649623 1.69434
476.650038 1.69434
476.650427 1.69434
476.650816 1.69434
476.651206 1.69434
476.651596 1.69434
476.652017 1.69434
476.652417 1.69434
476.652804 1.69434
476.653197 1.69434
476.653584 1.69434
476.654 1.69434
476.654396 1.69434
476.654784 1.69434
476.655175 1.69434
476.65556 1.69434
476.655978 1.69434
476.656452 1.69434
476.656853 1.69434
476.657254 1.69434
476.657644 1.69434
476.658075 1.69434
476.658461 1.69434
476.658859 1.69434
476.659259 1.69434
476.659649 1.69434
476.660069 1.69434
476.660456 1.69434
476.660845 1.69434
476.66124 1.69434
476.661626 1.69434
476.66205 1.69434
476.662592 1.68945
476.663018 1.68945
476.663416 1.68945
476.663805 1.68945
476.6642 1.68945
476.664587 1.68945
476.665079 1.68945
476.66548 1.68945
476.665871 1.68945
476.666269 1.68945
476.666656 1.68945
476.667077 1.68945
476.667468 1.68945
476.667858 1.68945
476.668263 1.68945
476.668649 1.68945
476.669082 1.68945
476.66948 1.68945
476.66987 1.68945
476.670272 1.68945
476.670661 1.68945
476.671088 1.68945
476.671479 1.68945
476.671868 1.68945
476.672269 1.68945
476.672751 1.68945
476.673272 1.68945
476.673741 1.68945
476.67421 1.68945
476.674611 1.68945
476.675031 1.68945
476.675428 1.68945
476.675818 1.68945
476.67622 1.68945
476.67661 1.68945
476.677027 1.68945
476.677423 1.68945
476.677815 1.68945
476.67821 1.68945
476.678596 1.68945
476.67901 1.68945
476.679404 1.68945
476.679805 1.68945
476.680199 1.68945
476.680584 1.68945
476.681007 1.68945
476.681407 1.68945
476.6818 1.68945
476.682192 1.68945
476.682648 1.68945
476.683156 1.68945
476.683787 1.68457
476.684188 1.68457
476.68458 1.68457
476.685005 1.68457
476.685406 1.68457
476.6858 1.68457
476.686193 1.68457
476.68658 1.68457
476.687001 1.68457
476.687403 1.68457
476.687819 1.68457
476.688214 1.68457
476.688605 1.68457
476.689037 1.68457
476.689449 1.68457
476.689843 1.68457
476.690285 1.68457
476.690758 1.68457
476.691245 1.68457
476.691647 1.68457
476.692086 1.68457
476.692475 1.68457
476.692867 1.68457
476.693269 1.68457
476.693663 1.68457
476.694289 1.68457
476.694684 1.68457
476.695112 1.68457
476.695504 1.68457
476.695901 1.68457
476.696303 1.68457
476.696716 1.68457
476.697111 1.68457
476.697498 1.68457
476.697886 1.68457
476.698283 1.68457
476.698671 1.68457
476.699093 1.68457
476.699481 1.68457
476.699869 1.68457
476.700333 1.68457
476.700742 1.68457
476.701141 1.68457
476.70153 1.68457
476.701949 1.68457
476.702349 1.68457
476.702741 1.68457
476.703135 1.68457
476.703518 1.68457
476.703902 1.68457
476.704479 1.69434
476.704876 1.69434
476.705279 1.69434
476.705669 1.69434
476.706092 1.69434
476.706478 1.69434
476.706864 1.69434
476.707262 1.69434
476.707648 1.69434
476.708076 1.69434
476.708532 1.69434
476.708956 1.69434
476.709354 1.69434
476.709749 1.69434
476.710143 1.69434
476.710552 1.69434
476.711029 1.69434
476.71146 1.69434
476.711851 1.69434
476.712252 1.69434
476.71264 1.69434
476.713057 1.69434
476.713444 1.69434
476.713832 1.69434
476.714222 1.69434
476.714828 1.69434
476.71523 1.69434
476.715617 1.69434
476.716031 1.69434
476.716426 1.69434
476.71681 1.69434
476.717266 1.69434
476.717664 1.69434
476.718085 1.69434
476.718471 1.69434
476.718858 1.69434
476.719256 1.69434
476.71964 1.69434
476.720064 1.69434
476.720455 1.69434
476.720848 1.69434
476.72125 1.69434
476.721644 1.69434
476.722074 1.69434
476.722466 1.69434
476.722856 1.69434
476.723252 1.69434
476.723636 1.69434
476.724053 1.69434
476.724439 1.69434
476.724823 1.69434
476.725447 1.69434
476.725949 1.69434
476.72636 1.69434
476.726757 1.69434
476.727149 1.69434
476.727535 1.69434
476.727948 1.69434
476.728343 1.69434
476.728745 1.69434
476.729146 1.69434
476.729534 1.69434
476.729945 1.69434
476.73034 1.69434
476.730744 1.69434
476.731136 1.69434
476.731523 1.69434
476.731909 1.69434
476.732322 1.69434
476.732737 1.69434
476.733131 1.69434
476.733517 1.69434
476.733902 1.69434
476.734298 1.69434
476.734753 1.69434
476.735148 1.69434
476.735865 1.67969
476.736265 1.67969
476.73665 1.67969
476.737075 1.67969
476.737468 1.67969
476.737858 1.67969
476.738259 1.67969
476.738651 1.67969
476.739074 1.67969
476.739461 1.67969
476.739846 1.67969
476.740242 1.67969
476.74063 1.67969
476.741047 1.67969
476.741437 1.67969
476.741823 1.67969
476.742214 1.67969
476.7426 1.67969
476.743094 1.67969
476.743497 1.67969
476.743886 1.67969
476.744286 1.67969
476.744676 1.67969
476.745093 1.67969
476.745479 1.67969
476.745868 1.67969
476.746281 1.67969
476.746669 1.67969
476.747088 1.67969
476.747474 1.67969
476.747862 1.67969
476.748258 1.67969
476.748644 1.67969
476.74907 1.67969
476.74946 1.67969
476.749851 1.67969
476.750255 1.67969
476.750642 1.67969
476.75106 1.67969
476.751513 1.67969
476.751908 1.67969
476.752309 1.67969
476.752721 1.67969
476.753123 1.67969
476.753522 1.67969
476.753908 1.67969
476.754304 1.67969
476.75471 1.67969
476.755109 1.67969
476.755496 1.67969
476.755891 1.67969
476.756481 1.68945
476.756878 1.68945
476.757285 1.68945
476.757671 1.68945
476.758098 1.68945
476.758487 1.68945
476.758875 1.68945
476.759274 1.68945
476.759658 1.68945
476.760141 1.68945
476.760535 1.68945
476.760949 1.68945
476.761348 1.68945
476.761738 1.68945
476.762129 1.68945
476.762517 1.68945
476.762904 1.68945
476.763363 1.68945
476.763772 1.68945
476.764174 1.68945
476.76456 1.68945
476.764981 1.68945
476.765377 1.68945
476.765765 1.68945
476.766162 1.68945
476.766622 1.68945
476.767159 1.68945
476.767549 1.68945
476.767975 1.68945
476.768381 1.68945
476.76885 1.68945
476.769253 1.68945
476.769642 1.68945
476.770062 1.68945
476.770448 1.68945
476.770838 1.68945
476.771238 1.68945
476.771626 1.68945
476.772045 1.68945
476.772433 1.68945
476.772822 1.68945
476.773214 1.68945
476.7736 1.68945
476.774015 1.68945
476.774424 1.68945
476.774828 1.68945
476.775222 1.68945
476.775607 1.68945
476.776024 1.68945
476.776417 1.68945
476.776804 1.68945
476.777607 1.68945
476.778039 1.68945
476.778438 1.68945
476.778827 1.68945
476.779216 1.68945
476.779603 1.68945
476.780016 1.68945
476.780415 1.68945
476.780804 1.68945
476.781195 1.68945
476.781581 1.68945
476.782005 1.68945
476.782403 1.68945
476.782795 1.68945
476.783184 1.68945
476.783566 1.68945
476.783983 1.68945
476.784383 1.68945
476.784775 1.68945
476.785186 1.68945
476.785572 1.68945
476.786063 1.68945
476.786468 1.68945
476.786857 1.68945
476.787262 1.68945
476.787659 1.68945
476.788087 1.68945
476.788477 1.68945
476.788867 1.68945
476.789265 1.68945
476.789652 1.68945
476.790073 1.68945
476.790458 1.68945
476.790845 1.68945
476.791242 1.68945
476.79163 1.68945
476.792052 1.68945
476.792443 1.68945
476.79283 1.68945
476.793222 1.68945
476.793751 1.68945
476.794203 1.68945
476.794597 1.68945
476.795097 1.68945
476.795508 1.68945
476.795903 1.68945
476.796308 1.68945
476.79672 1.68945
476.797118 1.68945
476.797504 1.68945
476.798004 1.68945
476.798545 1.69434
476.798976 1.69434
476.799376 1.69434
476.79977 1.69434
476.800164 1.69434
476.800554 1.69434
476.800982 1.69434
476.801379 1.69434
476.801768 1.69434
476.80216 1.69434
476.802548 1.69434
476.802965 1.69434
476.803434 1.69434
476.803828 1.69434
476.804222 1.69434
476.804618 1.69434
476.805032 1.69434
476.805431 1.69434
476.805837 1.69434
476.806264 1.69434
476.806735 1.69434
476.807138 1.69434
476.807528 1.69434
476.807953 1.69434
476.808361 1.69434
476.808952 1.68457
476.809364 1.68457
476.809756 1.68457
476.810154 1.68457
476.810572 1.68457
476.811088 1.68457
476.811527 1.68457
476.811984 1.68457
476.812491 1.68457
476.812956 1.68457
476.813384 1.68457
476.81381 1.68457
476.814244 1.68457
476.814663 1.68457
476.81512 1.68457
476.815539 1.68457
476.816002 1.68457
476.816442 1.68457
476.816886 1.68457
476.817327 1.68457
476.817757 1.68457
476.818174 1.68457
476.818595 1.68457
476.819145 1.68457
476.81988 1.68457
476.82031 1.68457
476.820748 1.68457
476.821177 1.68457
476.821595 1.68457
476.822116 1.68457
476.822551 1.68457
476.822997 1.68457
476.823415 1.68457
476.823829 1.68457
476.82426 1.68457
476.824681 1.68457
476.825134 1.68457
476.82554 1.68457
476.825965 1.68457
476.826364 1.68457
476.826763 1.68457
476.827172 1.68457
476.827569 1.68457
476.827991 1.68457
476.828393 1.68457
476.828784 1.68457
476.829176 1.68457
476.829564 1.68457
476.830161 1.6748
476.830573 1.6748
476.831067 1.6748
476.831462 1.6748
476.83185 1.6748
476.832248 1.6748
476.83264 1.6748
476.833065 1.6748
476.833456 1.6748
476.833845 1.6748
476.834248 1.6748
476.834661 1.6748
476.835116 1.6748
476.835531 1.6748
476.835974 1.6748
476.836399 1.6748
476.836818 1.6748
476.837233 1.6748
476.837639 1.6748
476.838093 1.6748
476.838511 1.6748
476.838964 1.6748
476.839391 1.6748
476.839885 1.6748
476.840323 1.6748
476.840898 1.6748
476.841326 1.6748
476.841743 1.6748
476.842149 1.6748
476.842555 1.6748
476.842999 1.6748
476.843426 1.6748
476.843842 1.6748
476.844258 1.6748
476.844661 1.6748
476.845094 1.6748
476.845498 1.6748
476.845896 1.6748
476.846305 1.6748
476.84672 1.6748
476.847129 1.6748
476.847522 1.6748
476.847956 1.6748
476.84837 1.6748
476.848809 1.6748
476.849238 1.6748
476.849634 1.6748
476.850064 1.6748
476.850459 1.6748
476.851086 1.68945
476.851506 1.68945
476.851899 1.68945
476.852298 1.68945
476.852685 1.68945
476.853114 1.68945
476.853504 1.68945
476.853893 1.68945
476.854293 1.68945
476.85471 1.68945
476.855108 1.68945
476.855504 1.68945
476.855994 1.68945
476.856407 1.68945
476.856806 1.68945
476.857212 1.68945
476.857714 1.68945
476.858231 1.68945
476.858743 1.68945
476.859225 1.68945
476.859676 1.68945
476.860287 1.68945
476.860921 1.68945
476.861455 1.68945
476.861938 1.68945
476.862409 1.68945
476.862872 1.68945
476.863515 1.69434
476.864038 1.69434
476.864494 1.69434
476.86493 1.69434
476.865387 1.69434
476.865883 1.69434
476.866378 1.69434
476.866864 1.69434
476.867349 1.69434
476.867836 1.69434
476.868413 1.69434
476.868941 1.69434
476.86962 1.69434
476.870387 1.69434
476.871148 1.69434
476.87203 1.69434
476.872671 1.69434
476.873286 1.69434
476.874004 1.69434
476.874476 1.69434
476.875278 1.69434
476.876277 1.69434
476.876853 1.69434
476.877403 1.69434
476.877926 1.69434
476.878455 1.69434
476.879029 1.69434
476.879573 1.69434
476.880205 1.69434
476.880799 1.69434
476.881432 1.69434
476.882206 1.69434
476.882901 1.69434
476.883567 1.69434
476.884459 1.68457
476.885265 1.68457
476.885856 1.68457
476.886631 1.68457
476.887239 1.68457
476.887783 1.68457
476.888387 1.68457
476.889017 1.68457
476.88946 1.68457
476.889819 1.68457
476.890177 1.68457
476.890526 1.68457
476.890882 1.68457
476.891261 1.68457
476.891612 1.68457
476.891993 1.68457
476.892351 1.68457
476.892727 1.68457
476.893167 1.68457
476.893519 1.68457
476.893869 1.68457
476.894235 1.68457
476.894709 1.68457
476.895083 1.68457
476.89543 1.68457
476.89578 1.68457
476.896132 1.68457
476.896481 1.68457
476.896834 1.68457
476.897195 1.68457
476.897542 1.68457
476.897894 1.68457
476.898325 1.68457
476.898742 1.68457
476.899145 1.68457
476.899536 1.68457
476.900025 1.68457
476.900428 1.68457
476.900821 1.68457
476.901215 1.68457
476.901606 1.68457
476.902029 1.68457
476.902423 1.68457
476.902811 1.68457
476.903202 1.68457
476.90359 1.68457
476.904002 1.68457
476.904398 1.68457
476.904875 1.68457
476.905492 1.68945
476.905888 1.68945
476.906286 1.68945
476.906673 1.68945
476.907093 1.68945
476.907478 1.68945
476.907963 1.68945
476.908368 1.68945
476.908761 1.68945
476.909156 1.68945
476.909541 1.68945
476.90995 1.68945
476.910345 1.68945
476.910746 1.68945
476.911142 1.68945
476.911528 1.68945
476.911914 1.68945
476.912307 1.68945
476.912709 1.68945
476.913107 1.68945
476.913494 1.68945
476.913892 1.68945
476.914369 1.68945
476.914767 1.68945
476.915164 1.68945
476.915558 1.68945
476.916089 1.68945
476.916489 1.68945
476.916882 1.68945
476.917282 1.68945
476.917669 1.68945
476.91809 1.68945
476.918475 1.68945
476.918861 1.68945
476.919251 1.68945
476.919634 1.68945
476.920054 1.68945
476.920445 1.68945
476.920831 1.68945
476.921217 1.68945
476.921598 1.68945
476.922006 1.68945
476.922435 1.68945
476.922848 1.68945
476.923239 1.68945
476.923621 1.68945
476.924033 1.68945
476.92442 1.68945
476.924815 1.68945
476.925204 1.68945
476.925586 1.68945
476.926209 1.69922
476.926611 1.69922
476.927027 1.69922
476.92742 1.69922
476.92781 1.69922
476.928204 1.69922
476.928589 1.69922
476.928997 1.69922
476.929394 1.69922
476.929782 1.69922
476.930236 1.69922
476.93063 1.69922
476.931056 1.69922
476.93145 1.69922
476.931839 1.69922
476.932233 1.69922
476.932624 1.69922
476.933042 1.69922
476.933426 1.69922
476.933811 1.69922
476.934201 1.69922
476.934589 1.69922
476.935002 1.69922
476.935401 1.69922
476.935787 1.69922
476.936179 1.69922
476.936796 1.69922
476.937193 1.69922
476.937581 1.69922
476.937995 1.69922
476.938459 1.69922
476.938854 1.69922
476.939246 1.69922
476.939636 1.69922
476.940054 1.69922
476.94044 1.69922
476.94083 1.69922
476.941228 1.69922
476.941616 1.69922
476.942116 1.69922
476.942724 1.69922
476.943177 1.69922
476.943577 1.69922
476.944 1.69922
476.944395 1.69922
476.944788 1.69922
476.945183 1.69922
476.945637 1.69922
476.946071 1.69922
476.946467 1.69922
476.947067 1.69434
476.947498 1.69434
476.947896 1.69434
476.948302 1.69434
476.948721 1.69434
476.949128 1.69434
476.949518 1.69434
476.949905 1.69434
476.950306 1.69434
476.950713 1.69434
476.951115 1.69434
476.951505 1.69434
476.951894 1.69434
476.952295 1.69434
476.952741 1.69434
476.953144 1.69434
476.953537 1.69434
476.953953 1.69434
476.954421 1.69434
476.954822 1.69434
476.955218 1.69434
476.955606 1.69434
476.956029 1.69434
476.95643 1.69434
476.956827 1.69434
476.957425 1.66992
476.957833 1.66992
476.958227 1.66992
476.958611 1.66992
476.959024 1.66992
476.959417 1.66992
476.959807 1.66992
476.960204 1.66992
476.960595 1.66992
476.96101 1.66992
476.961406 1.66992
476.961799 1.66992
476.962192 1.66992
476.962577 1.66992
476.963 1.66992
476.9634 1.66992
476.963793 1.66992
476.964186 1.66992
476.96463 1.66992
476.965057 1.66992
476.965447 1.66992
476.965835 1.66992
476.966228 1.66992
476.966623 1.66992
476.967049 1.66992
476.967438 1.66992
476.967951 1.66992
476.968355 1.66992
476.968753 1.66992
476.969148 1.66992
476.969538 1.66992
476.969957 1.66992
476.970409 1.66992
476.970804 1.66992
476.971196 1.66992
476.971585 1.66992
476.971997 1.66992
476.972392 1.66992
476.972781 1.66992
476.973175 1.66992
476.97356 1.66992
476.973975 1.66992
476.974369 1.66992
476.974753 1.66992
476.97514 1.66992
476.975527 1.66992
476.975911 1.66992
476.976307 1.66992
476.976713 1.66992
476.97711 1.66992
476.977503 1.66992
476.977988 1.66992
476.978507 1.67969
476.978905 1.67969
476.979307 1.67969
476.979722 1.67969
476.980125 1.67969
476.98051 1.67969
476.980897 1.67969
476.981293 1.67969
476.981677 1.67969
476.982094 1.67969
476.982476 1.67969
476.982859 1.67969
476.983249 1.67969
476.983633 1.67969
476.98405 1.67969
476.984436 1.67969
476.984879 1.67969
476.985279 1.67969
476.985666 1.67969
476.986082 1.67969
476.986469 1.67969
476.986851 1.67969
476.98724 1.67969
476.98763 1.67969
476.988055 1.67969
476.988446 1.67969
476.988944 1.67969
476.989344 1.67969
476.989749 1.67969
476.990149 1.67969
476.990538 1.67969
476.991 1.67969
476.991399 1.67969
476.99179 1.67969
476.992183 1.67969
476.99257 1.67969
476.992984 1.67969
476.993379 1.67969
476.99377 1.67969
476.994161 1.67969
476.994545 1.67969
476.994957 1.67969
476.99535 1.67969
476.995739 1.67969
476.996128 1.67969
476.996573 1.67969
476.996999 1.67969
476.997392 1.67969
476.997778 1.67969
476.998172 1.67969
476.998569 1.67969
476.999074 1.67969
476.999723 1.68945
477.000132 1.68945
477.000522 1.68945
477.000908 1.68945
477.001306 1.68945
477.001713 1.68945
477.002115 1.68945
477.002502 1.68945
477.002887 1.68945
477.003285 1.68945
477.003747 1.68945
477.004148 1.68945
477.004536 1.68945
477.004988 1.68945
477.005392 1.68945
477.00578 1.68945
477.006172 1.68945
477.006555 1.68945
477.006967 1.68945
477.007357 1.68945