332.900326 0.0
332.904657 0.0
332.909092 0.0
332.913732 0.0
332.918025 0.0
332.92243 0.0
332.926757 0.0
332.931446 0.0
332.935731 0.0
332.93977 0.0
332.94388 0.0
332.947944 0.0
332.952081 0.0
332.956121 0.0
332.960075 0.0
332.964244 0.0
332.968219 0.0
332.972344 0.0
332.976454 0.0
332.98054 0.0
332.984641 0.0
332.988736 0.0
332.992942 0.0
332.997028 0.0
333.001096 0.0
333.005419 0.0
333.009872 0.0
333.014256 0.0
333.018367 0.0
333.022398 0.0
333.027154 0.0
333.031272 0.0
333.035543 0.0
333.039587 0.0
333.04374 0.0
333.04809 0.0
333.054089 0.0
333.060521 0.0
333.066591 0.0
333.071824 0.0
333.077436 0.0
333.082287 0.0
333.086857 0.0
333.090979 0.0
333.095007 0.0
333.099391 0.0
333.103391 0.0
333.108105 0.0
333.113344 0.0
333.11875 0.0
333.123055 0.0
333.127433 0.0
333.131812 0.0
333.136168 0.0
333.140634 0.0
333.144993 0.0
333.149217 0.0
333.15391 0.0
333.158172 0.0
333.162915 0.0
333.167171 0.0
333.171607 0.0
333.176379 0.0
333.181064 0.0
333.185375 0.0
333.189449 0.0
333.193623 0.0
333.197767 0.0
333.202417 0.0
333.206855 0.0
333.211596 0.0
333.216115 0.0
333.220168 0.0
333.224424 0.0
333.228835 0.0
333.233612 0.0
333.237737 0.0
333.241863 0.0
333.245985 0.0
333.249981 0.0
333.254564 0.0
333.261951 0.0
333.270035 0.0
333.274994 0.0
333.280671 0.0
333.286299 0.0
333.291716 0.0
333.2974 0.0
333.302846 0.0
333.308532 0.0
333.312968 0.0
333.318471 0.030743133094695396
333.322653 0.030743133094695396
333.327321 0.0
333.331889 0.0
333.336311 0.0
333.340313 0.0
333.344391 0.0
333.34875 -0.027400280903059293
333.352668 -0.027400280903059293
333.356831 -0.027400280903059293
333.361189 -0.027400280903059293
333.365276 -0.027400280903059293
333.369676 -0.06158028090305939
333.373643 -0.06158028090305939
333.377759 -0.06158028090305939
333.381758 -0.06158028090305939
333.38583 -0.06158028090305939
333.390207 -0.03717028090305935
333.394478 -0.03717028090305935
333.398844 -0.03717028090305935
333.40313 -0.03717028090305935
333.407443 -0.03717028090305935
333.412177 -0.007870280903059244
333.416764 -0.007870280903059244
333.423582 -0.007870280903059244
333.429766 0.0
333.433925 0.0
333.440324 0.0
333.445092 0.0
333.450935 0.0
333.455327 0.0
333.459817 0.0
333.465453 0.0
333.475891 0.0
333.481872 0.0
333.486168 0.0
333.490865 0.0
333.495248 0.0
333.499571 0.0
333.504043 0.0
333.508066 0.0
333.512197 0.0
333.516369 0.0
333.520487 0.0
333.52502 0.0
333.529106 0.0
333.53358 0.0
333.537812 0.0
333.542042 0.0
333.546608 0.011213133094695347
333.550636 0.011213133094695347
333.554887 0.0
333.558952 0.0
333.562858 0.0
333.567437 0.0
333.572266 0.0
333.577713 0.0
333.583033 0.0
333.588449 0.0
333.593739 0.0
333.599191 0.0
333.604395 0.0
333.609862 0.0
333.61558 0.0
333.621776 0.0
333.627412 0.0
333.632898 0.0
333.639129 0.0
333.644729 0.0
333.650369 0.0
333.655621 0.0
333.661838 0.0
333.675946 0.0
333.68145 0.0
333.687313 0.0
333.69235 0.0
333.697498 0.0
333.701928 0.0
333.706322 0.0
333.711874 0.0
333.716882 0.0
333.722458 0.0
333.728242 0.0
333.733788 0.0
333.738841 0.0
333.744285 0.0
333.749607 0.0
333.754892 0.0
333.759974 0.0
333.765162 0.0
333.769619 0.0
333.774213 0.0
333.77853 0.0
333.783469 0.0
333.787741 0.0
333.792401 0.0
333.796757 0.0
333.800893 0.0
333.805174 0.0
333.809535 0.0
333.814301 0.0
333.818381 0.0
333.822922 -0.007870280903059244
333.827399 -0.007870280903059244
333.831577 -0.007870280903059244
333.835962 -0.007870280903059244
333.84008 -0.007870280903059244
333.844267 0.0
333.848656 0.0
333.853047 0.0
333.857949 0.0
333.863228 0.0
333.868485 0.0
333.874359 0.0
333.87882 0.0
333.883218 0.0
333.887533 0.0
333.892171 0.0
333.896586 0.0
333.900846 0.0
333.905197 0.0
333.909164 0.0
333.913646 0.0
333.918155 0.0
333.922568 0.0
333.927138 0.0
333.931746 0.0
333.936539 0.0
333.940727 0.0
333.945307 0.0
333.949246 0.0
333.95368 0.0
333.958116 0.0
333.962155 0.0
333.966621 0.0
333.970753 0.0
333.974994 0.0
333.979731 0.0
333.984006 0.0
333.988859 0.0
333.993873 0.0
333.999338 0.0
334.00438 0.0
334.009565 0.0
334.014769 0.0
334.020308 0.0
334.026189 0.0
334.032191 0.0
334.037364 0.0
334.043023 0.0
334.049074 0.0
334.056495 0.0
334.061131 0.0
334.06511 0.0
334.069229 0.0
334.073402 0.0
334.077717 0.0
334.082871 0.0
334.087471 0.0
334.092035 0.0
334.096461 0.0
334.100653 0.0
334.117671 0.0
334.121891 0.0
334.126472 0.0
334.130634 0.0
334.134758 0.0
334.139154 0.0
334.144239 0.0
334.149606 0.0
334.154805 0.0
334.160184 0.0
334.16443 0.0
334.169222 0.03562313309469539
334.173199 0.03562313309469539
334.177342 0.03562313309469539
334.182057 0.03562313309469539
334.186182 0.03562313309469539
334.190497 0.09422313309469538
334.194478 0.09422313309469538
334.198633 0.10886313309469536
334.202647 0.10886313309469536
334.206611 0.10886313309469536
334.210735 0.10886313309469536
334.214857 0.10886313309469536
334.219497 0.06492313309469527
334.223658 0.06492313309469527
334.227635 0.06492313309469527
334.232172 0.06492313309469527
334.236274 0.06492313309469527
334.240602 0.06004313309469528
334.244643 0.06004313309469528
334.248727 0.06004313309469528
334.252761 0.06004313309469528
334.256952 0.06004313309469528
334.261446 0.011213133094695347
334.266001 0.011213133094695347
334.270383 0.011213133094695347
334.274881 0.011213133094695347
334.279195 0.011213133094695347
334.28374 -0.027400280903059293
334.288138 -0.027400280903059293
334.29255 -0.027400280903059293
334.296584 -0.027400280903059293
334.300533 -0.027400280903059293
334.304982 -0.0176402809030593
334.308914 -0.0176402809030593
334.312906 -0.0176402809030593
334.317118 -0.0176402809030593
334.321295 -0.0176402809030593
334.326458 -0.09088028090305927
334.331451 -0.09088028090305927
334.337971 -0.12994028090305937
334.342747 -0.12994028090305937
334.346892 -0.12994028090305937
334.350866 -0.12994028090305937
334.354983 -0.10064028090305926
334.358946 -0.10064028090305926
334.362941 -0.10064028090305926
334.367343 -0.10064028090305926
334.371595 -0.10064028090305926
334.37602 -0.0567002809030594
334.380305 -0.0567002809030594
334.384538 -0.0567002809030594
334.389011 -0.0567002809030594
334.392987 -0.0567002809030594
334.397155 -0.04693028090305934
334.401145 -0.04693028090305934
334.405131 -0.04693028090305934
334.409375 -0.04693028090305934
334.413372 -0.04693028090305934
334.418036 -0.0176402809030593
334.422351 -0.0176402809030593
334.426589 -0.0176402809030593
334.431096 -0.007870280903059244
334.435093 -0.007870280903059244
334.439513 -0.007870280903059244
334.443827 -0.007870280903059244
334.448287 0.0
334.45244 0.0
334.456478 0.0
334.460603 0.0
334.464585 0.0
334.468992 0.020973133094695336
334.47321 0.020973133094695336
334.478874 0.020973133094695336
334.484998 0.020973133094695336
334.490601 0.0
334.496563 0.0
334.501849 0.0
334.50702 0.0
334.513998 0.0
334.517967 0.0
334.521914 0.0
334.525864 0.0
334.529839 0.0
334.534072 0.0
334.538108 0.0
334.542204 0.0
334.546168 0.0
334.550149 0.0
334.55436 0.0
334.558283 0.0
334.562398 0.0
334.56663 0.0
334.571439 0.0
334.575857 0.0
334.579816 0.0
334.584509 0.0
334.588466 0.0
334.592405 0.0
334.596376 0.0
334.600359 0.0
334.604452 0.0
334.608408 0.0
334.612365 0.0
334.616472 0.0
334.620431 0.0
334.624557 0.0
334.628776 0.0
334.633221 0.0
334.637577 0.0
334.641159 0.0
334.645097 -0.0176402809030593
334.649554 -0.0176402809030593
334.653653 -0.0176402809030593
334.657893 0.0
334.661859 0.0
334.666051 0.0
334.670004 0.0
334.674608 0.0
334.681045 0.0
334.687175 0.0
334.694026 0.0
334.699713 0.0
334.705324 0.0
334.710487 0.0
334.715845 0.0
334.720936 0.0
334.725623 0.0
334.729638 0.0
334.734069 0.0
334.738145 0.0
334.742303 0.0
334.746528 0.0
334.750797 0.0
334.755152 0.0
334.759748 0.0
334.764154 0.0
334.768179 0.0
334.772176 0.0
334.776891 0.0
334.781155 0.0
334.785469 0.0
334.790034 0.0
334.794594 0.0
334.799076 0.0
334.803281 0.0
334.807785 0.0
334.812484 0.0
334.817921 0.0
334.823241 0.0
334.828604 0.0
334.833902 0.0
334.839917 0.0
334.845788 0.0
334.850469 0.0
334.854751 0.0
334.859491 0.0
334.864631 0.0
334.869459 0.0
334.874018 0.0
334.878502 0.0
334.882716 0.0
334.887092 0.0
334.892565 0.0
334.900979 0.0
334.905847 0.0
334.910167 0.0
334.914804 0.0
334.919202 0.0
334.923424 0.0
334.927775 0.0
334.93214 0.0
334.9364 0.0
334.940503 0.0
334.944554 0.0
334.949274 0.0
334.953479 0.0
334.957924 0.0
334.96227 0.0
334.966468 0.0
334.971298 0.0
334.975238 0.0
334.979907 0.0
334.98421 0.0
334.988379 0.0
334.99487 0.0
335.002759 0.0
335.00757 0.0
335.012527 0.0
335.01785 0.0
335.023207 0.0
335.028256 0.0
335.033656 0.0
335.03904 0.0
335.044562 0.0
335.050435 0.0
335.05517 0.0
335.0599 0.0
335.066053 0.011213133094695347
335.071897 0.011213133094695347
335.077615 0.04050313309469539
335.082757 0.04050313309469539
335.088421 0.04050313309469539
335.094391 0.04050313309469539
335.101135 0.0
335.106302 0.0
335.111374 0.0
335.115676 0.0
335.120165 -0.04693028090305934
335.124441 -0.04693028090305934
335.130649 -0.06646028090305939
335.134742 -0.06646028090305939
335.138657 -0.06646028090305939
335.142866 -0.06646028090305939
335.146829 -0.06646028090305939
335.150996 -0.0518202809030594
335.155026 -0.0518202809030594
335.159058 -0.0518202809030594
335.163139 -0.0518202809030594
335.167135 -0.0518202809030594
335.171414 0.0
335.175883 0.0
335.179451 0.0
335.183057 0.0
335.186685 0.0
335.190313 0.0
335.194067 0.0
335.197572 0.0
335.206914 0.0
335.210873 0.0
335.215085 0.0
335.2191 0.0
335.223144 0.0
335.227231 0.0
335.231272 0.0
335.235215 0.0
335.239547 0.0
335.243721 0.0
335.248608 0.0
335.25284 0.0
335.257207 0.0
335.261305 0.0
335.265287 0.0
335.270037 0.0
335.274273 0.0
335.278715 0.0
335.282847 0.0
335.286986 0.0
335.291149 0.01609313309469534
335.2952 0.01609313309469534
335.299411 0.01609313309469534
335.30494 0.01609313309469534
335.310971 0.0
335.316909 0.0
335.322246 0.0
335.327737 0.0
335.332956 0.0
335.338373 0.0
335.343749 0.0
335.348598 0.0
335.353262 0.0
335.357545 0.0
335.361964 0.0
335.366044 0.0
335.370534 0.0
335.374782 0.0
335.378972 0.0
335.383185 0.0
335.387151 0.0
335.391237 0.0
335.395448 0.0
335.39956 0.0
335.403897 0.0
335.407828 0.0
335.411978 0.0
335.416099 0.0
335.420289 0.0
335.424401 0.0
335.428502 0.0
335.4326 0.0
335.436971 0.0
335.441072 0.0
335.445297 0.0
335.449325 0.0
335.454463 0.0
335.45876 0.0
335.463098 0.0
335.467713 0.0
335.472056 0.0
335.476595 0.0
335.480619 0.0
335.484779 0.0
335.489019 0.0
335.493302 0.0
335.498506 0.0
335.503446 0.0
335.512494 0.0
335.517813 0.0
335.52222 0.0
335.52692 0.0
335.531239 0.0
335.535532 0.0
335.540072 0.0
335.544295 0.0
335.548985 0.0
335.553239 0.0
335.557623 0.0
335.562187 0.0
335.566966 0.0
335.572272 0.0
335.57724 0.0
335.583089 0.0
335.587354 0.0
335.591979 0.0
335.597258 0.0
335.602793 0.0
335.608225 0.0
335.613657 0.0
335.61886 0.0
335.624263 0.0
335.629384 0.0
335.634748 0.0
335.640195 0.0
335.646745 0.0
335.651155 0.0
335.655643 0.0
335.659801 0.0
335.664656 0.0
335.669049 0.0
335.673511 0.0
335.677917 0.0
335.681969 0.0
335.68626 0.0
335.690347 0.0
335.694865 0.0
335.699326 0.0
335.704176 0.0
335.709315 0.0
335.713381 0.0
335.717753 0.0
335.721898 0.0
335.726157 0.04539313309469545
335.730312 0.04539313309469545
335.734483 0.04539313309469545
335.738731 0.04539313309469545
335.742777 0.04539313309469545
335.746894 0.04050313309469539
335.751123 0.04050313309469539
335.755406 0.0
335.759796 0.0
335.763777 0.0
335.767869 0.0
335.772135 0.0
335.776633 0.0
335.780685 0.0
335.784665 0.0
335.788874 0.0
335.793051 0.0
335.797393 0.0
335.801326 0.0
335.805485 0.0
335.809555 0.0
335.814241 0.0
335.818361 0.0
335.822477 0.0
335.826516 0.0
335.830583 0.0
335.834882 0.0
335.83901 -0.007870280903059244
335.843024 -0.007870280903059244
335.847201 -0.007870280903059244
335.851581 -0.01275028090305924
335.856259 -0.01275028090305924
335.860832 -0.01275028090305924
335.864814 -0.01275028090305924
335.869209 -0.01275028090305924
335.873535 -0.01275028090305924
335.878151 -0.01275028090305924
335.882632 -0.007870280903059244
335.88682 -0.007870280903059244
335.891146 0.0
335.89526 0.0
335.89967 0.0
335.904033 0.0
335.908862 0.0
335.914067 -0.007870280903059244
335.918435 -0.007870280903059244
335.922816 -0.007870280903059244
335.92705 -0.007870280903059244
335.931556 -0.007870280903059244
335.93568 -0.007870280903059244
335.940111 -0.007870280903059244
335.944515 -0.007870280903059244
335.948558 -0.007870280903059244
335.952907 0.0
335.956886 0.0
335.961091 0.0
335.965276 0.0
335.971005 0.0
335.976568 0.0
335.980568 0.0
335.984758 0.0
335.989036 0.0
335.993164 0.0
335.997279 0.0
336.001406 0.0
336.005787 0.0
336.009808 0.0
336.013994 0.0
336.018028 0.0
336.02214 0.0
336.026353 0.06492313309469527
336.030391 0.06492313309469527
336.034512 0.06492313309469527
336.038859 0.06492313309469527
336.042984 0.06492313309469527
336.047404 0.16746313309469535
336.051465 0.16746313309469535
336.055482 0.16746313309469535
336.060218 0.1235131330946954
336.064671 0.1235131330946954
336.069417 0.1235131330946954
336.073391 0.1235131330946954
336.077518 0.1235131330946954
336.082464 0.06004313309469528
336.086734 0.06004313309469528
336.09119 0.06004313309469528
336.095246 0.06004313309469528
336.09974 -0.0176402809030593
336.103839 -0.0176402809030593
336.107786 -0.0176402809030593
336.113086 -0.0176402809030593
336.1181 -0.0176402809030593
336.124645 -0.10064028090305926
336.129861 -0.10064028090305926
336.135451 -0.10064028090305926
336.141022 -0.09088028090305927
336.14625 -0.09088028090305927
336.151619 -0.11041028090305932
336.156858 -0.11041028090305932
336.162484 -0.11041028090305932
336.166465 -0.11041028090305932
336.170521 -0.11041028090305932
336.174953 -0.07623028090305922
336.178991 -0.07623028090305922
336.183383 -0.07623028090305922
336.187433 -0.07623028090305922
336.191456 -0.07623028090305922
336.195916 -0.0176402809030593
336.199913 -0.0176402809030593
336.203921 -0.0176402809030593
336.208 -0.0176402809030593
336.212053 -0.0176402809030593
336.216423 0.0
336.220444 0.0
336.224412 0.0
336.22859 0.0
336.232753 0.0
336.237181 0.0
336.24114 0.0
336.245146 0.0
336.249357 0.0
336.253478 0.0
336.257918 0.0
336.26225 0.0
336.267001 0.0
336.278024 0.0
336.282437 0.0
336.286801 0.0
336.291452 -0.01275028090305924
336.296752 -0.01275028090305924
336.302644 -0.01275028090305924
336.309485 0.0
336.316104 0.0
336.321718 0.0
336.327178 0.0
336.332751 0.0
336.337829 0.0
336.343222 0.0
336.3486 0.0
336.354156 0.0
336.359353 0.0
336.364901 0.0
336.369909 0.0
336.374829 0.0
336.380229 0.0
336.384871 0.0
336.389074 0.0
336.393275 0.0
336.397464 0.0
336.401411 0.0
336.40574 0.0
336.409738 0.0
336.413895 0.0
336.417989 0.0
336.421916 0.0
336.426155 0.0
336.430201 0.0
336.434681 0.0
336.438808 0.0
336.44286 0.0
336.447205 0.0
336.451308 0.0
336.455591 0.0
336.460311 0.0
336.464886 0.0
336.469321 0.0
336.473276 0.0
336.477383 0.0
336.481897 0.0
336.486445 0.0
336.490754 0.0
336.495906 0.0
336.499964 0.0
336.504164 0.0
336.510165 0.0
336.518808 0.0
336.524087 0.0
336.528748 0.0
336.533261 0.0
336.538328 0.0
336.543431 0.0
336.548234 0.0
336.552761 0.0
336.557068 0.0
336.561801 0.0
336.566256 0.0
336.571124 0.0
336.575908 0.0
336.581432 0.0
336.586075 0.0
336.590868 0.0
336.59486 0.0
336.599342 0.0
336.603324 0.0
336.607412 0.0
336.611625 0.0
336.615655 0.0
336.620031 0.0
336.62407 0.0
336.628078 0.0
336.632474 0.0
336.636536 0.0
336.64079 0.0
336.644991 0.0
336.649109 0.0
336.65366 0.0
336.657748 0.0
336.662171 0.0
336.666209 0.0
336.670349 0.0
336.67581 -0.007870280903059244
336.683398 -0.007870280903059244
336.688213 -0.007870280903059244
336.693764 0.0
336.69898 0.0
336.704784 0.0
336.709418 0.0
336.714475 0.0
336.718917 0.0
336.727943 0.0
336.7372 0.0
336.743487 0.0
336.748214 0.0
336.752743 0.0
336.757387 0.0
336.761573 0.0
336.766159 0.0
336.77038 0.0
336.774563 0.0
336.778965 0.0
336.783201 0.0
336.787648 0.0
336.791987 0.0
336.796122 0.0
336.80056 0.0
336.804672 0.0
336.80979 0.0
336.814761 0.0
336.820074 0.0
336.825229 0.0
336.830796 0.0
336.835814 0.0
336.841299 0.0
336.846388 0.0
336.851742 0.0
336.856862 0.0
336.862246 0.0
336.867713 0.0
336.873645 0.0
336.879639 0.0
336.884804 0.0
336.890312 0.0
336.89603 0.0
336.901664 0.0
336.906795 0.0
336.912082 0.0
336.917749 0.0
336.923992 0.0
336.930176 0.0
336.935909 0.0
336.941522 0.025863133094695397
336.946876 0.025863133094695397
336.952439 0.0
336.957737 0.0
336.962968 0.0
336.968204 0.0
336.973623 -0.07135028090305923
336.978755 -0.07135028090305923
336.983967 -0.07135028090305923
336.989266 -0.07135028090305923
336.994541 -0.04693028090305934
336.999743 -0.04693028090305934
337.004915 -0.04693028090305934
337.010134 -0.04693028090305934
337.01555 0.0
337.020823 0.0
337.026025 0.0
337.031225 0.0
337.036587 0.011213133094695347
337.041746 0.011213133094695347
337.047176 0.0
337.052292 0.0
337.05767 0.0
337.06283 0.0
337.068329 -0.007870280903059244
337.074022 -0.007870280903059244
337.079723 -0.007870280903059244
337.084767 -0.007870280903059244
337.090753 0.0
337.096121 0.0
337.101395 0.0
337.106776 0.0
337.112475 0.0
337.118411 0.0
337.123791 0.0
337.129009 0.0
337.133459 0.0
337.137995 0.0
337.14249 0.0
337.146667 0.0
337.151352 0.0
337.155597 0.0
337.160345 0.0
337.164627 0.0
337.168859 0.0
337.173549 0.0
337.177582 0.0
337.182453 0.0
337.186496 0.0
337.190839 0.0
337.194984 0.0
337.199013 0.0
337.203376 0.0
337.207413 0.0
337.211462 0.0
337.215568 0.0
337.219866 0.0
337.224208 0.0
337.228245 0.0
337.232361 0.0
337.236539 0.0
337.24054 0.0
337.244837 0.0
337.248989 0.0
337.253067 0.0
337.257258 0.0
337.261355 0.0
337.265816 0.0
337.270419 0.0
337.274919 0.0
337.279474 0.0
337.28382 0.0
337.288069 0.0
337.292438 0.0
337.296892 0.0
337.30158 0.0
337.306525 0.0
337.310724 0.0
337.314979 0.0
337.320337 0.0
337.325069 0.0
337.331259 0.0
337.337756 0.0
337.343123 0.0
337.348541 0.0
337.353871 0.0
337.359212 0.0
337.364751 0.0
337.369868 0.0
337.375266 0.0
337.380753 0.0
337.386381 0.0
337.391024 0.0
337.396011 0.0
337.401374 0.0
337.405787 0.0
337.410087 0.0
337.414547 0.0
337.418849 0.0
337.423512 0.0
337.428097 0.0
337.432578 0.0
337.437159 0.0
337.446954 0.0
337.451655 0.0
337.455965 0.0
337.460255 0.0
337.464534 0.0
337.469135 0.0
337.474152 0.0
337.479445 0.0
337.484973 0.0
337.490669 0.0
337.496327 0.0
337.502073 0.0
337.507312 0.0
337.513461 0.0
337.518679 0.0
337.525755 -0.01275028090305924
337.531451 -0.01275028090305924
337.537243 -0.01275028090305924
337.542624 -0.01275028090305924
337.548845 0.0
337.554301 0.0
337.559757 0.0
337.565177 0.0
337.57076 0.0
337.576374 0.0
337.581526 0.0
337.587188 0.0
337.592348 0.0
337.597644 0.0
337.601715 0.0
337.605784 0.0
337.610167 0.0
337.614352 0.0
337.618639 0.0
337.623821 0.0
337.628157 0.0
337.632416 0.0
337.636677 0.0
337.641287 0.0
337.645257 0.0
337.649479 0.0
337.65345 0.0
337.657504 0.0
337.661674 0.0
337.665745 0.0
337.670486 0.0
337.674549 0.0
337.678519 0.0
337.685269 0.0
337.690136 0.0
337.694472 0.0
337.698468 0.0
337.7028 0.0
337.706842 0.0
337.710833 0.0
337.715079 0.0
337.71913 0.0
337.724237 0.0
337.728861 0.0
337.7351 0.0
337.73987 0.0
337.744457 0.0
337.74857 0.0
337.753154 0.0
337.757833 0.0
337.762135 0.0
337.766466 0.0
337.770534 0.0
337.77482 0.0
337.779035 0.0
337.783274 0.0
337.791469 0.0
337.79807 0.0
337.802223 0.0
337.80654 0.0
337.81115 0.0
337.81549 0.0
337.819854 0.0
337.823952 0.0
337.828116 0.0
337.832741 0.0
337.837097 0.0
337.84167 0.0
337.846174 0.0
337.850798 0.0
337.855023 0.0
337.859503 0.0
337.863906 0.0
337.868588 0.0
337.87304 0.0
337.877445 0.0
337.881926 0.0
337.886385 0.0
337.890878 0.04539313309469545
337.908282 0.1283931330946954
337.912346 0.1283931330946954
337.916392 0.1283931330946954
337.920974 0.1283931330946954
337.925046 0.1283931330946954
337.929318 0.1576931330946953
337.933782 0.1576931330946953
337.9403 0.11375313309469542
337.946685 0.11375313309469542
337.951492 0.11375313309469542
337.958116 0.11375313309469542
337.9658 0.025863133094695397
337.973216 0.025863133094695397
337.978329 0.025863133094695397
337.983109 0.01609313309469534
337.987722 0.01609313309469534
337.992565 0.01609313309469534
337.998117 -0.08111028090305922
338.002486 -0.08111028090305922
338.006863 -0.08111028090305922
338.011428 -0.08111028090305922
338.015759 -0.08111028090305922
338.020149 -0.14947028090305942
338.024451 -0.14947028090305942
338.028916 -0.14947028090305942
338.033123 -0.14947028090305942
338.037478 -0.14947028090305942
338.042732 -0.11529028090305932
338.047908 -0.11529028090305932
338.053329 -0.11529028090305932
338.058743 -0.11529028090305932
338.064132 -0.10064028090305926
338.069401 -0.10064028090305926
338.074744 -0.10064028090305926
338.079844 -0.10064028090305926
338.085222 -0.06646028090305939
338.090731 -0.06646028090305939
338.095897 0.0
338.101149 0.0
338.106354 0.0
338.111809 0.0
338.117195 0.0
338.122482 0.0
338.128113 0.0
338.13477 -0.007870280903059244
338.140323 -0.007870280903059244
338.14561 -0.007870280903059244
338.151384 -0.007870280903059244
338.1574 -0.01275028090305924
338.16338 -0.01275028090305924
338.170022 -0.01275028090305924
338.174159 -0.01275028090305924
338.180328 0.0
338.185058 0.0
338.190444 0.0
338.195588 0.0
338.201317 0.0
338.206664 0.0
338.21251 0.0
338.218028 0.0
338.224418 0.0
338.232102 0.0
338.240527 0.0
338.246639 0.0
338.252788 0.0
338.258685 0.0
338.26387 0.0
338.268517 0.0
338.273022 0.0
338.277323 0.0
338.281986 0.0
338.286129 0.0
338.290203 0.0
338.294415 0.0
338.29846 0.0
338.302677 0.0
338.306978 0.0
338.310982 0.0
338.315252 0.0
338.319219 0.0
338.323859 0.0
338.327992 0.0
338.331974 0.0
338.336348 0.0
338.340369 0.0
338.344614 0.0
338.34905 0.0
338.353391 0.0
338.358644 0.0
338.362901 0.0
338.367618 0.0
338.371664 0.0
338.376285 0.0
338.380465 0.0
338.385381 0.0
338.390327 0.0
338.39474 0.0
338.399967 0.0
338.404109 0.0
338.408311 0.0
338.413364 0.0
338.417431 0.0
338.421394 0.0
338.425891 0.0
338.430746 0.0
338.435451 0.0
338.439523 0.0
338.443597 0.0
338.447633 0.0
338.451776 0.0
338.456467 0.0
338.46143 0.0
338.467831 0.0
338.473023 0.0
338.47855 0.0
338.483744 0.0
338.489166 0.0
338.495301 0.0
338.500719 0.0
338.505888 0.0
338.512161 0.0
338.515937 0.0
338.519742 0.0
338.523328 0.0
338.526964 0.0
338.530766 0.0
338.534264 0.0
338.538128 0.0
338.541808 0.0
338.545402 0.0
338.549145 0.0
338.552838 0.0
338.556397 0.0
338.560167 0.0
338.564173 0.0
338.56792 0.0
338.572149 0.0
338.575672 0.0
338.579504 0.0
338.583713 0.0
338.587419 0.0
338.59116 0.0
338.594883 0.0
338.598474 0.0
338.602129 0.0
338.605948 0.0
338.609806 0.0
338.613883 0.0
338.617908 0.0
338.622141 0.0
338.626302 0.0
338.630805 0.0
338.635066 0.0
338.639172 0.0
338.643588 0.0
338.64796 0.0
338.652914 0.0
338.658269 0.0
338.664802 0.0
338.670501 0.0
338.675835 0.0
338.681657 0.0
338.686745 0.0
338.691995 0.0
338.697245 0.0
338.702825 0.0
338.707896 0.0
338.71327 0.0
338.71837 0.0
338.723988 0.0
338.729418 0.0
338.734808 0.0
338.739939 0.0
338.745521 0.0
338.750792 0.0
338.756275 0.01609313309469534
338.761305 0.01609313309469534
338.766766 0.01609313309469534
338.771825 0.01609313309469534
338.777503 0.0
338.781632 0.0
338.786121 0.0
338.790177 0.0
338.794425 0.0
338.798924 0.0
338.803336 0.0
338.807861 0.0
338.812072 0.0
338.816419 0.03562313309469539
338.820438 0.03562313309469539
338.824758 0.03562313309469539
338.829332 0.03562313309469539
338.833542 0.03562313309469539
338.838141 0.01609313309469534
338.84212 0.01609313309469534
338.846213 0.01609313309469534
338.850787 0.01609313309469534
338.855612 0.01609313309469534
338.862779 -0.042050280903059345
338.868649 -0.03717028090305935
338.873899 -0.03717028090305935
338.87958 -0.03717028090305935
338.884749 -0.03717028090305935
338.890219 -0.0176402809030593
338.89537 -0.0176402809030593
338.900652 -0.0176402809030593
338.905831 -0.0176402809030593
338.911313 -0.03717028090305935
338.916361 -0.03717028090305935
338.92174 -0.03717028090305935
338.926836 -0.03717028090305935
338.931914 -0.03717028090305935
338.93588 -0.03717028090305935
338.93983 -0.03717028090305935
338.94405 -0.03717028090305935
338.948174 -0.03717028090305935
338.9524 -0.01275028090305924
338.957807 -0.01275028090305924
338.965472 -0.01275028090305924
338.970878 -0.01275028090305924
338.976612 0.0
338.98183 0.0
338.987261 0.0
338.992478 0.01609313309469534
338.997888 0.01609313309469534
339.003959 0.011213133094695347
339.009775 0.011213133094695347
339.015227 0.011213133094695347
339.021029 0.011213133094695347
339.026855 0.0
339.032173 0.0
339.03782 0.0
339.043926 0.0
339.049449 0.0
339.057252 0.0
339.062474 0.0
339.067114 0.0
339.071483 0.0
339.081765 0.0
339.086026 0.0
339.090666 0.0
339.095035 0.0
339.099306 0.0
339.104212 0.0
339.109355 0.0
339.114784 0.0
339.119993 0.0
339.125465 0.0
339.130985 0.0
339.136225 0.0
339.141298 0.0
339.150319 0.0
339.158064 0.0
339.166311 0.0
339.171591 0.0
339.17659 0.0
339.181175 0.0
339.1865 0.0
339.191098 0.0
339.196261 0.0
339.202562 0.0
339.211539 0.0
339.220682 0.0
339.229596 0.0
339.236421 0.0
339.244805 0.0
339.25111 0.0
339.259242 0.0
339.26678 0.0
339.275537 0.0
339.282069 0.0
339.287682 0.0
339.292115 0.0
339.29624 0.0
339.300289 0.0
339.304303 0.0
339.308632 0.0
339.31283 0.0
339.316882 0.0
339.321018 0.0
339.325105 0.0
339.32944 0.0
339.334433 0.0
339.338411 0.0
339.342542 0.0
339.346183 0.0
339.350024 0.0
339.35376 0.0
339.357437 0.0
339.361158 0.0
339.36485 0.0
339.368498 0.0
339.372293 0.0
339.37611 0.0
339.37991 0.0
339.383745 0.0
339.387407 0.0
339.391217 0.0
339.395278 0.0
339.399196 0.0
339.403381 0.0
339.407158 0.0
339.410744 0.0
339.414726 0.0
339.418345 0.0
339.423236 0.0
339.427855 0.0
339.431904 0.0
339.436648 0.0
339.441058 0.0
339.445525 0.0
339.449794 0.0
339.453873 0.0
339.45823 0.0
339.462621 0.0
339.467605 -0.007870280903059244
339.472106 -0.007870280903059244
339.478431 -0.007870280903059244
339.482234 -0.007870280903059244
339.487209 0.0
339.491547 0.0
339.497078 0.0
339.501884 0.011213133094695347
339.506255 0.011213133094695347
339.513741 0.011213133094695347
339.517997 0.011213133094695347
339.522588 0.0
339.526711 0.0
339.531173 0.0
339.535271 0.0
339.539609 0.0
339.543565 0.0
339.547664 0.0
339.551905 0.0
339.556048 0.0
339.560594 0.0
339.565073 0.0
339.568584 0.0
339.573402 0.0
339.577366 0.0
339.581734 0.0
339.586178 0.0
339.590337 0.0
339.594629 0.0
339.598562 0.0
339.604381 0.0
339.608319 0.0
339.612735 0.0
339.616774 0.0
339.620833 0.0
339.624989 0.0
339.629095 0.0
339.633255 0.0
339.637517 0.0
339.641454 0.0
339.645723 0.0
339.649712 0.0
339.654073 0.0
339.658273 0.0
339.662291 0.0
339.668213 0.0
339.673774 0.0
339.679343 0.0
339.683907 0.0
339.689399 0.0
339.695158 0.0
339.701298 0.0
339.706903 0.04050313309469539
339.71247 0.04050313309469539
339.717864 0.04050313309469539
339.723852 0.04050313309469539
339.73013 0.16746313309469535
339.73737 0.16746313309469535
339.742665 0.16746313309469535
339.748726 0.17722313309469534
339.754006 0.17722313309469534
339.759279 0.17722313309469534
339.764794 0.17722313309469534
339.770312 0.13328313309469525
339.775739 0.13328313309469525
339.780748 0.13328313309469525
339.785137 0.13328313309469525
339.789763 0.030743133094695396
339.794162 0.030743133094695396
339.798659 0.030743133094695396
339.803423 0.0
339.807911 0.0
339.812654 0.0
339.817908 0.0
339.823425 -0.09576028090305927
339.828752 -0.09576028090305927
339.834254 -0.09576028090305927
339.839678 -0.09576028090305927
339.845206 -0.19342028090305935
339.850554 -0.19342028090305935
339.855883 -0.19342028090305935
339.861324 -0.19342028090305935
339.867121 -0.16412028090305925
339.873773 -0.16412028090305925
339.879187 -0.16412028090305925
339.885321 -0.07135028090305923
339.890761 -0.07135028090305923
339.896429 -0.07135028090305923
339.901669 -0.07135028090305923
339.907664 -0.0518202809030594
339.914277 -0.0176402809030593
339.920464 -0.0176402809030593
339.925479 -0.0176402809030593
339.931765 -0.0176402809030593
339.936651 0.0
339.940656 0.0
339.944795 0.0
339.948992 0.0
339.953097 0.0
339.957716 0.0
339.961973 0.0
339.966479 0.0
339.974468 0.0
339.981911 0.0
339.988011 0.0
339.994604 0.0
340.002476 0.0
340.006077 0.0
340.010187 0.0
340.014775 0.0
340.019108 0.0
340.023635 0.0
340.027969 0.0
340.032491 0.0
340.036847 0.0
340.041391 0.0
340.045826 0.0
340.050524 0.0
340.054774 0.0
340.058815 0.0
340.063253 0.0
340.067637 0.0
340.072085 0.0
340.077112 0.0
340.081903 0.0
340.086637 0.0
340.090923 0.0
340.095766 0.0
340.100606 0.0
340.105403 0.0
340.109862 0.0
340.114406 0.0
340.122315 0.0
340.130503 0.0
340.137005 0.0
340.143136 0.0
340.148769 0.0
340.154321 0.0
340.160155 0.0
340.165581 0.0
340.170984 0.0
340.176979 0.0
340.182413 0.0
340.188014 0.0
340.193259 0.0
340.198778 0.0
340.203899 0.0
340.209329 0.0
340.214524 0.0
340.219882 0.0
340.225122 0.0
340.230785 0.0
340.236088 0.0
340.241809 0.0
340.246909 0.0
340.252301 0.0
340.257609 0.0
340.263074 0.0
340.268322 0.0
340.273724 0.0
340.279007 0.0
340.289875 0.0
340.29527 0.0
340.300799 0.0
340.306114 0.0
340.311609 0.0
340.317866 0.0
340.324198 0.0
340.330154 0.0
340.336902 0.0
340.342618 0.0
340.34804 0.0
340.354172 0.0
340.359793 0.0
340.365293 0.0
340.37055 0.0
340.376571 0.0
340.383099 0.0
340.389406 0.0
340.395028 0.0
340.400464 0.0
340.407562 0.0
340.413388 0.0
340.419462 0.0
340.424886 0.0
340.429229 0.0
340.433573 0.0
340.437792 0.0
340.441823 0.0
340.446003 0.0
340.450283 0.0
340.454393 0.0
340.458532 0.0
340.462539 0.0
340.466775 0.0
340.470995 0.0
340.475137 0.0
340.47909 0.0
340.483143 0.0
340.487232 0.0
340.491492 0.0
340.495849 0.0
340.500147 0.0
340.504174 0.0
340.509851 0.0
340.514225 0.0
340.518061 0.0
340.522501 0.0
340.526661 0.0
340.531661 0.0
340.536374 0.0
340.541333 0.0
340.545827 0.0
340.550477 0.0
340.555141 0.0
340.559669 0.0
340.564106 0.0
340.568807 0.0
340.57859 0.0
340.584116 0.0
340.588111 0.0
340.593177 0.0
340.597433 0.0
340.602212 0.0
340.608087 0.0
340.614518 0.0
340.620569 0.0
340.627081 0.0
340.633447 0.0
340.640326 0.0
340.647634 0.0
340.653989 0.0
340.660742 0.0
340.667036 0.0
340.672921 0.0
340.679326 0.0
340.685108 0.0
340.691598 0.0
340.698113 0.0
340.703251 0.0
340.708517 0.0
340.713737 0.0
340.719174 0.0
340.724258 0.0
340.729587 0.0
340.73483 0.0
340.74457 0.0
340.752182 -0.0567002809030594
340.757376 -0.0567002809030594
340.763739 -0.0567002809030594
340.769675 0.0
340.775083 0.0
340.780418 0.0
340.786485 0.0
340.792799 0.0
340.798074 0.0
340.802339 0.0
340.807029 0.0
340.811241 0.0
340.815753 0.0
340.820057 0.0
340.825154 0.0
340.830338 0.0
340.835745 0.0
340.840899 0.0
340.846432 0.0
340.851743 0.0
340.857124 0.0
340.862337 0.0
340.867752 0.020973133094695336
340.872897 0.020973133094695336
340.878245 0.020973133094695336
340.88342 0.020973133094695336
340.888834 0.0
340.894235 0.0
340.899455 0.0
340.904826 0.0
340.909373 0.0
340.913497 0.0
340.917598 0.0
340.921739 0.0
340.925888 0.0
340.930638 0.0
340.935125 0.0
340.939415 0.0
340.943669 0.0
340.948281 0.0
340.952396 0.0
340.956735 0.0
340.961053 0.0
340.965233 0.0
340.970374 0.0
340.975603 0.0
340.981783 0.0
340.986867 0.0
340.991609 0.0
340.996399 0.0
341.001178 0.0
341.005582 0.0
341.010344 0.0
341.01458 0.0
341.01932 0.0
341.024744 0.0
341.029958 0.0
341.035341 0.0
341.040823 0.0
341.045888 0.0
341.051649 0.0
341.056807 0.0
341.06225 0.0
341.067362 0.0
341.072779 0.0
341.077903 0.0
341.08352 0.0
341.088585 0.0
341.093286 0.0
341.097371 0.0
341.101433 0.0
341.105665 0.0
341.109725 0.0
341.11439 0.0
341.118431 0.0
341.122393 0.0
341.126791 0.0
341.131198 0.0
341.136229 0.0
341.140571 0.0
341.14479 0.0
341.149348 0.0
341.153572 0.0
341.158594 0.0
341.16273 0.0
341.167115 0.0
341.171182 0.0
341.175565 0.0
341.181231 0.0
341.187264 0.0
341.19325 0.0
341.198475 0.0
341.204336 0.0
341.210755 0.0
341.215293 0.0
341.21991 0.0
341.224328 0.0
341.228913 0.0
341.233259 0.0
341.237726 0.0
341.24233 0.0
341.246763 0.0
341.251195 0.0
341.255275 0.0
341.259459 0.0
341.263602 0.0
341.26757 0.0
341.271754 0.0
341.27579 0.0
341.279948 0.0
341.284019 0.0
341.288015 0.0
341.292136 0.0
341.296189 0.0
341.300429 0.0
341.304533 0.0
341.308903 0.0
341.313269 0.0
341.317679 0.0
341.322569 0.0
341.326738 0.0
341.331093 0.0
341.335807 0.0
341.34002 0.0
341.344495 0.0
341.348802 0.0
341.35328 0.0
341.35749 0.0
341.361481 0.0
341.365963 0.0
341.371095 0.0
341.376662 0.0
341.381545 0.0
341.386365 0.0
341.39104 0.0
341.395751 0.0
341.400027 0.0
341.404282 0.0
341.408766 0.0
341.41317 0.0
341.417845 0.0
341.422025 0.0
341.426225 0.0
341.43026 0.0
341.434518 0.0
341.438946 0.0
341.442998 0.0
341.4472 0.0
341.452161 0.0
341.457334 0.0
341.460942 0.0
341.464512 0.0
341.474054 0.01609313309469534
341.477997 0.01609313309469534
341.482247 0.01609313309469534
341.486173 0.01609313309469534
341.490223 0.01609313309469534
341.494401 0.01609313309469534
341.498904 0.01609313309469534
341.502989 0.01609313309469534
341.509725 0.01609313309469534
341.514564 0.011213133094695347
341.518544 0.011213133094695347
341.522479 0.011213133094695347
341.526581 0.011213133094695347
341.530664 0.011213133094695347
341.535881 0.025863133094695397
341.540182 0.025863133094695397
341.54461 0.025863133094695397
341.548871 0.025863133094695397
341.552809 0.025863133094695397
341.557575 0.04539313309469545
341.561877 0.04539313309469545
341.567093 0.04539313309469545
341.572151 0.04539313309469545
341.576564 0.04539313309469545
341.580735 0.04539313309469545
341.586321 0.03562313309469539
341.591892 0.03562313309469539
341.598097 0.03562313309469539
341.603306 0.03562313309469539
341.609243 0.04539313309469545
341.614337 0.04539313309469545
341.619851 0.04539313309469545
341.625006 0.04539313309469545
341.63057 0.05515313309469544
341.635791 0.05515313309469544
341.641388 0.05515313309469544
341.646616 0.05515313309469544
341.651096 0.0
341.655341 0.0
341.659469 0.0
341.663422 0.0
341.667347 0.0
341.671487 -0.06158028090305939
341.675448 -0.06158028090305939
341.679519 -0.09576028090305927
341.683495 -0.09576028090305927
341.687532 -0.09576028090305927
341.691603 -0.09576028090305927
341.69564 -0.09576028090305927
341.699732 -0.0518202809030594
341.70376 -0.0518202809030594
341.707828 -0.0518202809030594
341.712159 -0.0518202809030594
341.716205 -0.0518202809030594
341.720537 -0.03717028090305935
341.72458 -0.03717028090305935
341.728818 -0.03717028090305935
341.749346 -0.027400280903059293
341.753874 -0.027400280903059293
341.759671 -0.03228028090305929
341.764186 -0.03228028090305929
341.768996 -0.03228028090305929
341.773432 -0.03228028090305929
341.778203 0.0
341.783562 0.0
341.788841 0.0
341.794442 0.0
341.798971 -0.007870280903059244
341.803355 -0.007870280903059244
341.807575 -0.007870280903059244
341.812001 -0.007870280903059244
341.816255 -0.007870280903059244
341.820739 -0.027400280903059293
341.82499 -0.027400280903059293
341.829175 -0.027400280903059293
341.83375 0.0
341.838838 0.0
341.844753 0.0
341.849893 0.0
341.856632 0.0
341.862576 0.0
341.868311 0.0
341.873351 0.0
341.877437 0.0
341.881428 0.0
341.885664 0.0
341.889597 0.0
341.89377 0.0
341.897887 0.0
341.901916 0.0
341.90595 0.0
341.910044 0.0
341.914284 0.0
341.918668 0.0
341.922733 0.0
341.92675 0.0
341.930897 0.0
341.935429 0.0
341.94005 0.0
341.944513 0.0
341.948844 0.0
341.952811 0.0
341.957191 0.0
341.961671 0.0
341.966412 0.0
341.970652 0.0
341.974735 0.0
341.978758 0.0
341.983055 0.0
341.99055 0.0
341.998234 0.0
342.00321 0.0
342.008222 0.0
342.013136 0.0
342.017632 0.0
342.022083 0.0
342.026677 0.0
342.03108 0.0
342.036369 0.0
342.041874 0.0
342.048363 0.0
342.052426 0.0
342.056429 0.0
342.060657 0.0
342.064749 0.0
342.068875 0.0
342.07285 0.0
342.076838 0.0
342.080999 0.0
342.084965 0.0
342.089141 0.0
342.093146 0.0
342.097113 0.0
342.101263 0.0
342.105249 0.0
342.109223 0.0
342.113383 0.0
342.117375 0.0
342.12155 0.0
342.125545 0.0
342.129539 0.0
342.133604 0.0
342.13758 0.0
342.141811 0.0
342.145961 0.0
342.150321 0.0
342.154722 0.0
342.158763 0.0
342.163303 0.0
342.167434 0.0
342.171539 0.0
342.175802 0.0
342.179795 0.0
342.184072 0.0
342.188744 0.0
342.194757 0.0
342.20062 0.0
342.205995 0.0
342.211322 0.0
342.216747 0.0
342.221746 0.0
342.226889 0.0
342.231877 0.0
342.237156 0.0
342.242268 0.0
342.247584 0.0
342.25278 0.0
342.258322 0.0
342.263645 0.0
342.269115 0.0
342.274254 0.0
342.2794 0.0
342.284589 0.0
342.289906 0.0
342.295084 0.0
342.300305 0.0
342.305311 0.0
342.3109 0.0
342.316107 0.0
342.321382 0.0
342.326559 0.0
342.332079 0.0
342.33777 0.0
342.34373 0.0
342.348884 0.0
342.354413 0.0
342.360197 0.0
342.3658 0.0
342.369861 0.0
342.374099 0.0
342.378164 0.0
342.382322 0.0
342.387245 0.0
342.391945 0.0
342.396573 0.0
342.400819 0.0
342.405027 0.0
342.409416 0.0
342.413363 0.0
342.41785 0.0
342.421563 0.0
342.425157 0.0
342.429472 0.0
342.433465 0.0
342.437448 0.0
342.441548 0.0
342.445538 0.0
342.449871 0.0
342.453892 0.0
342.458002 0.0
342.462173 0.0
342.466134 0.0
342.470345 0.0
342.474451 0.0
342.478524 0.0
342.482598 0.0
342.486554 0.0
342.490596 0.0
342.494717 0.0
342.499009 0.0
342.503105 0.0
342.507148 0.0
342.511614 0.0
342.515968 0.0
342.520333 0.0
342.524656 0.0
342.52894 0.0
342.53318 0.0
342.537437 0.0
342.541874 0.0
342.546631 0.0
342.551592 0.0
342.555999 0.0
342.560804 0.0
342.565831 0.0
342.570447 0.0
342.575005 0.0
342.579445 0.0
342.584196 0.0
342.589132 0.0
342.594594 0.0
342.6004 0.0
342.605724 0.0
342.61119 0.0
342.616608 0.0
342.621846 0.0
342.627074 0.0
342.632303 0.0
342.637755 0.0
342.642999 0.0
342.648251 0.0
342.653612 0.0
342.658785 0.0
342.664201 0.0
342.669258 0.0
342.674858 0.0
342.680129 0.0
342.685515 0.0
342.690724 0.0
342.696035 0.0
342.701255 0.0
342.706515 0.0
342.711725 0.0
342.717192 0.0
342.722302 0.0
342.727816 0.0
342.73345 0.0
342.739595 0.0
342.745451 0.0
342.751374 -0.007870280903059244
342.756817 -0.007870280903059244
342.763025 -0.007870280903059244
342.76889 -0.03717028090305935
342.774276 -0.03717028090305935
342.77956 -0.03717028090305935
342.785268 -0.03717028090305935
342.791615 -0.06646028090305939
342.797787 -0.06646028090305939
342.80323 -0.06646028090305939
342.808547 -0.0518202809030594
342.813816 -0.0518202809030594
342.818909 0.0
342.824288 0.0
342.829466 0.0
342.834884 0.0
342.840184 0.0
342.845358 0.0
342.850564 0.0
342.855877 0.0
342.861123 0.0
342.866461 0.0
342.871737 0.0
342.876868 0.0
342.882147 0.011213133094695347
342.88734 0.011213133094695347
342.898184 0.020973133094695336
342.903276 0.020973133094695336
342.908756 0.020973133094695336
342.913774 0.020973133094695336
342.91933 0.0
342.924361 0.0
342.929979 0.0
342.939849 0.0
342.947269 0.0
342.952736 0.0
342.957481 0.0
342.962019 0.0
342.966508 0.0
342.971601 0.0
342.976391 0.0
342.98214 0.0
342.986388 0.0
342.991358 0.0
342.995978 0.0
343.000623 0.0
343.00491 0.0
343.009615 0.0
343.014086 0.0
343.018488 0.0
343.022877 0.0
343.027381 0.0
343.031913 0.011213133094695347
343.036202 0.011213133094695347
343.040335 0.011213133094695347
343.044749 0.011213133094695347
343.048913 0.011213133094695347
343.053852 0.0
343.058887 0.0
343.064257 0.0
343.069365 0.0
343.074774 0.0
343.079791 0.0
343.085159 0.0
343.090261 0.0
343.09564 0.0
343.100779 0.0
343.106194 0.0
343.111338 0.0
343.116422 0.0
343.121735 0.0
343.127157 0.0
343.132539 0.0
343.138554 0.0
343.144499 0.0
343.149741 0.0
343.155614 0.0
343.161333 0.0
343.167253 0.0
343.172572 0.0
343.178038 0.0
343.183806 0.0
343.192373 0.0
343.198685 0.0
343.203404 0.0
343.20858 0.0
343.212871 0.0
343.218014 0.0
343.223685 0.0
343.229225 0.0
343.234358 0.0
343.240115 0.0
343.245269 0.0
343.250817 0.0
343.256049 0.0
343.261748 0.0
343.267198 0.0
343.272827 0.0
343.277245 0.0
343.282017 0.0
343.286147 0.0
343.291044 0.0
343.296242 0.0
343.301664 0.0
343.307098 0.0
343.312825 0.0
343.318077 0.0
343.322557 0.0
343.32661 0.0
343.33103 0.0
343.336477 0.0
343.340538 0.0
343.344875 0.0
343.349314 0.0
343.353646 0.0
343.358141 0.0
343.362177 0.0
343.366789 0.0
343.371283 0.0
343.376528 0.0
343.381664 0.0
343.386845 0.0
343.391456 0.0
343.396183 0.0
343.400723 0.0
343.404984 0.0
343.409455 0.0
343.413414 0.0
343.417669 0.0
343.422759 0.0
343.426967 0.0
343.43115 0.0
343.435488 0.0
343.439529 0.0
343.443733 0.0
343.447821 0.0
343.452061 0.0
343.456454 0.0
343.460685 0.0
343.464895 0.0
343.469028 0.0
343.473218 0.0
343.477314 0.0
343.481539 0.0
343.485668 0.0
343.489741 0.0
343.493802 0.0
343.498094 0.0
343.50209 0.0
343.50576 0.0
343.511762 0.0
343.51551 0.0
343.519648 0.0
343.524544 0.0
343.529052 0.0
343.533392 0.0
343.537979 0.0
343.542555 0.0
343.547297 0.0
343.55146 0.0
343.555943 0.0
343.560734 0.0
343.567191 0.0
343.571879 0.0
343.576136 0.0
343.58025 0.0
343.586159 0.0
343.591665 -0.007870280903059244
343.597333 -0.007870280903059244
343.602749 -0.007870280903059244
343.607964 -0.007870280903059244
343.613376 -0.007870280903059244
343.618902 -0.007870280903059244
343.624265 0.0
343.629509 0.0
343.634875 0.0
343.640405 0.03562313309469539
343.647798 0.03562313309469539
343.652033 0.03562313309469539
343.656051 0.03562313309469539
343.660291 0.03562313309469539
343.664485 0.09910313309469537
343.668648 0.09910313309469537
343.672989 0.1528131330946953
343.67708 0.1528131330946953
343.681195 0.1528131330946953
343.685194 0.1528131330946953
343.68923 0.1528131330946953
343.693577 0.1528131330946953
343.697523 0.1528131330946953
343.701669 0.1528131330946953
343.705973 0.1869931330946954
343.710186 0.1869931330946954
343.714539 0.06492313309469527
343.718528 0.06492313309469527
343.722726 0.06492313309469527
343.726742 0.06492313309469527
343.730922 0.06492313309469527
343.735619 0.011213133094695347
343.739883 0.011213133094695347
343.744907 0.011213133094695347
343.749011 0.011213133094695347
343.753141 0.011213133094695347
343.757865 -0.08600028090305928
343.762321 -0.08600028090305928
343.767063 -0.08600028090305928
343.771377 -0.08600028090305928
343.775846 -0.16412028090305925
343.780043 -0.16412028090305925
343.784735 -0.16412028090305925
343.79004 -0.16412028090305925
343.795679 -0.12994028090305937
343.800116 -0.12994028090305937
343.805243 -0.12994028090305937
343.810278 -0.10064028090305926
343.814564 -0.10064028090305926
343.819341 -0.10064028090305926
343.823745 -0.10064028090305926
343.828508 -0.0567002809030594
343.832909 -0.0567002809030594
343.837258 -0.0567002809030594
343.841752 -0.0567002809030594
343.846224 -0.0567002809030594
343.851017 -0.027400280903059293
343.855429 -0.027400280903059293
343.861829 -0.027400280903059293
343.865973 -0.027400280903059293
343.87022 0.0
343.87449 0.0
343.878454 0.0
343.882775 0.0
343.886915 0.0
343.891447 0.0
343.895493 0.0
343.899524 0.0
343.90386 0.0
343.907884 0.0
343.912155 0.0
343.91642 0.0
343.92055 0.0
343.924968 -0.0176402809030593
343.929092 -0.0176402809030593
343.933506 -0.0176402809030593
343.938277 -0.0176402809030593
343.942994 0.0
343.947486 0.0
343.95146 0.0
343.956205 0.0
343.960657 0.0
343.965496 0.0
343.969914 0.0
343.974074 0.0
343.97838 0.0
343.982483 0.0
343.988792 0.0
343.994978 0.0
343.99993 0.0
344.004663 0.0
344.009595 0.0
344.014017 0.0
344.020211 0.0
344.025784 0.0
344.030962 0.0
344.035762 0.0
344.045746 0.0
344.050216 0.0
344.056782 0.0
344.061174 0.0
344.065386 0.0
344.069736 0.0
344.073948 0.0
344.078212 0.0
344.082256 0.0
344.086314 0.0
344.090478 0.0
344.094417 0.0
344.099045 0.0
344.10422 0.0
344.109826 0.0
344.115159 0.0
344.120714 0.0
344.125857 0.0
344.130781 0.0
344.134846 0.0
344.13938 0.0
344.143894 0.0
344.147953 0.0
344.152318 0.011213133094695347
344.156604 0.011213133094695347
344.161178 0.011213133094695347
344.165313 0.011213133094695347
344.16959 0.011213133094695347
344.174001 0.01609313309469534
344.178156 0.01609313309469534
344.185246 0.01609313309469534
344.189754 0.01609313309469534
344.194844 0.0
344.199008 0.0
344.203271 0.0
344.207522 0.0
344.211529 0.0
344.215895 0.0
344.220544 0.0
344.226918 0.0
344.231425 0.0
344.235134 0.0
344.239123 0.0
344.242815 0.0
344.246984 0.0
344.250786 0.0
344.254718 0.0
344.258635 0.0
344.262365 0.0
344.266132 0.0
344.270073 0.0
344.273773 0.0
344.277741 0.0
344.281341 0.0
344.285157 0.0
344.288965 0.0
344.292555 0.0
344.296343 0.0
344.300482 0.0
344.304516 0.0
344.309115 0.0
344.313282 0.0
344.317798 0.0
344.322067 0.0
344.326062 0.0
344.330165 0.0
344.334385 0.0
344.338721 0.0
344.34372 0.0
344.348458 0.0
344.353071 0.0
344.357865 0.0
344.361858 0.0
344.36621 0.0
344.370456 0.0
344.375205 0.0
344.379733 0.0
344.384069 0.0
344.38816 0.0
344.392276 0.0
344.396468 0.0
344.401037 0.0
344.406573 0.0
344.414764 0.0
344.41924 0.0
344.424741 0.0
344.429121 0.0
344.436112 0.0
344.44071 0.0
344.444863 0.0
344.449138 0.0
344.453549 0.0
344.457788 0.0
344.462331 0.0
344.466616 0.0
344.4711 0.0
344.475759 0.0
344.480367 0.0
344.484626 0.0
344.488637 0.0
344.493332 0.0
344.497613 0.0
344.502156 0.0
344.506604 0.0
344.514225 0.0
344.518287 0.0
344.52236 0.0
344.52672 0.0
344.530759 0.0
344.535314 0.0
344.539289 0.0
344.543392 0.0
344.547794 0.0
344.551889 0.0
344.55626 0.0
344.560358 0.0
344.565434 0.0
344.570317 0.0
344.574803 0.0
344.579375 0.0
344.584116 0.0
344.588977 0.0
344.593012 0.0
344.59732 0.0
344.601423 0.0
344.605635 0.0
344.611076 0.0
344.616205 0.0
344.621179 0.0
344.625685 0.0
344.630594 0.0
344.634823 0.0
344.639672 0.0
344.644548 0.0
344.649222 0.0
344.653959 0.0
344.660274 0.0
344.666259 0.0
344.672636 0.0
344.67909 0.0
344.683985 0.0
344.688302 0.0
344.692874 0.0
344.697284 0.0
344.701815 0.01609313309469534
344.706316 0.01609313309469534
344.710585 0.01609313309469534
344.715111 0.01609313309469534
344.719104 0.01609313309469534
344.723409 0.030743133094695396
344.727559 0.030743133094695396
344.731679 0.030743133094695396
344.736331 0.030743133094695396
344.743413 0.06004313309469528
344.748097 0.06004313309469528
344.752223 0.06004313309469528
344.756664 -0.042050280903059345
344.760653 -0.042050280903059345
344.765096 -0.042050280903059345
344.769664 -0.042050280903059345
344.774972 -0.06158028090305939
344.77951 -0.06158028090305939
344.783621 -0.06158028090305939
344.78839 -0.06158028090305939
344.793109 -0.06158028090305939
344.797824 0.0
344.802173 0.0
344.806411 0.0
344.810885 0.0
344.815263 0.0
344.820161 -0.0567002809030594
344.82465 -0.0567002809030594
344.830239 -0.0567002809030594
344.834568 -0.0567002809030594
344.83899 -0.022520280903059294
344.843298 -0.022520280903059294
344.847444 -0.03228028090305929
344.851674 -0.03228028090305929
344.855788 -0.03228028090305929
344.859861 -0.03228028090305929
344.864171 -0.03228028090305929
344.868423 -0.01275028090305924
344.872627 -0.01275028090305924
344.876853 -0.01275028090305924
344.880994 -0.01275028090305924
344.885191 -0.01275028090305924
344.889541 0.0
344.893747 0.0
344.89774 0.0
344.901888 0.0
344.906046 0.0
344.910304 0.030743133094695396
344.914272 0.030743133094695396
344.918415 0.030743133094695396
344.922503 0.030743133094695396
344.926719 0.030743133094695396
344.931009 0.01609313309469534
344.935007 0.01609313309469534
344.939323 0.01609313309469534
344.943753 0.01609313309469534
344.947909 0.01609313309469534
344.952175 0.0
344.956381 0.0
344.9604 0.0
344.964723 0.0
344.968987 0.0
344.973488 0.0
344.978336 0.0
344.982727 0.011213133094695347
344.986738 0.011213133094695347
344.991431 0.011213133094695347
344.995739 0.011213133094695347
345.000152 0.011213133094695347
345.004516 0.011213133094695347
345.008746 0.011213133094695347
345.013669 0.011213133094695347
345.017985 0.011213133094695347
345.022847 0.011213133094695347
345.029199 0.0
345.03625 0.0
345.042721 0.0
345.049416 0.0
345.0549 0.0
345.059269 0.0
345.063677 0.0
345.068548 0.0
345.073344 0.0
345.079291 0.0
345.084627 0.0
345.089911 0.0
345.09525 0.0
345.100777 0.0
345.105849 0.0
345.1113 0.0
345.116399 0.0
345.121802 0.0
345.126922 0.0
345.132429 0.0
345.14326 0.0
345.1484 0.0
345.153851 0.0
345.158144 0.0
345.162833 0.0
345.167352 0.0
345.174495 0.0
345.180952 0.0
345.186858 0.0
345.191226 0.0
345.197791 0.0
345.204777 0.0
345.210441 0.0
345.215756 0.0
345.220438 0.0
345.225238 0.0
345.235514 0.0
345.241169 0.0
345.246501 0.0
345.251519 0.0
345.25672 0.0
345.261832 0.0
345.267051 0.0
345.272439 0.0
345.278109 0.0
345.283503 0.0
345.289082 0.0
345.295578 0.0
345.301186 0.0
345.307029 0.0
345.312684 0.0
345.318552 0.0
345.323891 0.0
345.329569 0.0
345.335118 0.0
345.340612 0.0
345.345957 0.0
345.35175 0.0
345.357258 0.0
345.36234 0.0
345.36701 0.0
345.371508 0.0
345.375838 0.0
345.380746 0.0
345.385322 0.0
345.390331 0.0
345.395039 0.0
345.399835 0.0
345.405149 0.0
345.410194 0.0
345.416157 0.0
345.421626 0.0
345.427424 0.0
345.432437 0.0
345.437155 0.0
345.441917 0.0
345.447881 0.0
345.452325 0.0
345.45694 0.0
345.461628 0.0
345.466199 0.0
345.47049 0.0
345.474758 0.0
345.479607 0.0
345.483775 0.0
345.488432 0.0
345.493004 0.0
345.498294 0.0
345.502835 0.0
345.507257 0.0
345.51175 0.0
345.516158 0.0
345.520462 0.0
345.524756 0.0
345.529641 0.0
345.534913 0.0
345.540423 0.0
345.545721 0.0
345.562952 0.0
345.567015 0.0
345.571446 0.0
345.575496 0.0
345.579445 0.0
345.583804 0.0
345.588024 0.0
345.592983 0.0
345.597286 0.0
345.601406 0.0
345.605663 0.0
345.609837 0.0
345.614654 0.0
345.61924 0.0
345.623624 0.0
345.628288 0.0
345.632957 0.0
345.637795 0.0
345.642629 0.0
345.648431 0.0
345.653355 0.0
345.657793 0.0
345.662089 0.0
345.666603 0.0
345.670999 0.0
345.67545 0.0
345.679885 0.0
345.684117 0.0
345.689331 0.0
345.694392 0.0
345.699853 0.0
345.705075 0.0
345.71054 -0.0176402809030593
345.714957 -0.0176402809030593
345.718949 -0.0176402809030593
345.722951 -0.0176402809030593
345.72708 -0.01275028090305924
345.731041 -0.01275028090305924
345.734988 -0.01275028090305924
345.739161 -0.01275028090305924
345.743159 -0.01275028090305924
345.747268 0.0
345.751203 0.0
345.75521 0.0
345.759276 0.0
345.763434 0.0
345.767566 0.08445313309469532
345.771611 0.08445313309469532
345.775674 0.08445313309469532
345.779993 0.08445313309469532
345.784088 0.08445313309469532
345.788297 0.17234313309469534
345.792599 0.17234313309469534
345.797467 0.17234313309469534
345.802394 0.1576931330946953
345.806566 0.1576931330946953
345.811309 0.1576931330946953
345.815813 0.1576931330946953
345.820642 0.10886313309469536
345.824822 0.10886313309469536
345.828866 0.10886313309469536
345.836045 0.10886313309469536
345.844666 0.06980313309469527
345.850063 0.06980313309469527
345.8545 0.06980313309469527
345.859233 0.06980313309469527
345.863947 -0.027400280903059293
345.869148 -0.027400280903059293
345.873404 -0.027400280903059293
345.877374 -0.027400280903059293
345.881509 -0.027400280903059293
345.885716 -0.12994028090305937
345.889664 -0.12994028090305937
345.893981 -0.14947028090305942
345.897996 -0.14947028090305942
345.902109 -0.14947028090305942
345.90621 -0.14947028090305942
345.910178 -0.14947028090305942
345.914531 -0.14947028090305942
345.91848 -0.14947028090305942
345.922524 -0.14947028090305942
345.926625 -0.14947028090305942
345.930596 -0.14947028090305942
345.935079 -0.11529028090305932
345.939008 -0.11529028090305932
345.942967 -0.11529028090305932
345.947071 -0.11529028090305932
345.951046 -0.11529028090305932
345.955326 -0.03228028090305929
345.959347 -0.03228028090305929
345.963265 -0.03228028090305929
345.9675 -0.03228028090305929
345.971526 -0.03228028090305929
345.975797 0.0
345.97977 0.0
345.983774 0.0
345.988144 0.0
345.992323 0.0
345.997439 0.0
346.001681 0.0
346.005879 0.0
346.010296 0.0
346.014417 0.0
346.01888 0.0
346.023145 0.0
346.027478 0.0
346.032029 0.0
346.036003 0.0
346.040164 0.0
346.04911 0.0
346.058076 0.0
346.065555 0.0
346.071303 0.0
346.07601 0.0
346.080645 0.0
346.086485 0.0
346.090111 0.0
346.094328 0.0
346.097848 0.0
346.10173 0.0
346.105747 0.0
346.109771 0.0
346.114532 0.0
346.118917 0.0
346.123452 0.0
346.127878 0.0
346.132059 0.0
346.13632 0.0
346.140378 0.0
346.144592 0.0
346.148763 0.0
346.15274 0.0
346.156758 0.0
346.161012 0.0
346.165237 0.0
346.169309 0.0
346.173284 0.0
346.177475 0.0
346.181653 0.0
346.186275 0.0
346.190336 0.0
346.193963 0.0
346.202673 0.0
346.20816 0.0
346.212519 0.0
346.218745 0.0
346.223901 0.0
346.228968 0.0
346.233507 0.0
346.238405 0.0
346.246843 0.0
346.255915 0.0
346.260445 0.0
346.265067 0.0
346.269953 0.0
346.274174 0.0
346.278633 0.020973133094695336
346.283089 0.020973133094695336
346.287339 0.020973133094695336
346.292594 0.020973133094695336
346.297788 0.020973133094695336
346.304357 0.0
346.311482 -0.007870280903059244
346.317459 -0.007870280903059244
346.325259 -0.007870280903059244
346.334051 0.0
346.341879 0.0
346.349622 0.0
346.354783 0.0
346.358761 0.0
346.362948 0.0
346.36715 0.0
346.371407 0.0
346.37547 0.0
346.37962 0.0
346.383736 0.0
346.387797 0.0
346.39223 0.0
346.396662 0.0
346.401069 0.0
346.405553 0.0
346.409585 0.0
346.413887 0.0
346.418137 0.0
346.422532 0.0
346.427058 0.0
346.431416 0.0
346.435652 0.0
346.439664 0.0
346.443909 0.0
346.448672 0.0
346.455328 0.0
346.459899 0.0
346.463673 0.0
346.467621 0.0
346.4715 0.0
346.475405 0.0
346.480199 0.0
346.485618 0.0
346.490883 0.0
346.496458 0.0
346.501974 0.0
346.507798 0.0
346.513094 0.0
346.517203 0.0
346.521589 0.0
346.525843 0.0
346.530225 0.0
346.534521 0.0
346.538785 0.0
346.54304 0.0
346.547233 0.0
346.551609 0.0
346.555998 0.0
346.560472 0.0
346.565188 0.0
346.569578 0.0
346.574947 0.0
346.579426 0.0
346.583895 0.0
346.587492 0.0
346.591218 0.0
346.595241 0.0
346.600228 0.0
346.604287 0.0
346.608364 0.0
346.612861 0.0
346.617236 0.0
346.621618 0.0
346.625672 0.0
346.629771 0.0
346.633877 0.0
346.639056 0.0
346.644794 0.0
346.653678 0.0
346.657676 0.0
346.662341 0.0
346.666367 0.0
346.67817 0.0
346.683293 0.0
346.688651 0.0
346.693754 0.0
346.699243 0.0
346.704264 0.0
346.70939 0.0
346.714461 0.0
346.719887 0.0
346.72508 0.0
346.730502 0.0
346.73574 0.0
346.741089 0.0
346.746246 0.0
346.751736 -0.007870280903059244
346.756756 -0.007870280903059244
346.761859 -0.007870280903059244
346.767205 -0.007870280903059244
346.772502 -0.0176402809030593
346.777738 -0.0176402809030593
346.783251 -0.0176402809030593
346.788613 -0.0176402809030593
346.794444 0.0
346.800418 0.0
346.805825 0.0
346.811018 0.0
346.817117 0.0
346.822952 0.0
346.828409 0.0
346.834055 0.0
346.839763 0.0
346.846279 0.0
346.851954 0.0
346.857028 0.0
346.861254 0.0
346.86598 0.0
346.869945 0.0
346.874128 0.0
346.878137 0.0
346.882097 0.0
346.886472 0.030743133094695396
346.890595 0.030743133094695396
346.894892 0.030743133094695396
346.899119 0.030743133094695396
346.903155 0.030743133094695396
346.907535 0.0
346.911591 0.0
346.915649 0.0
346.919791 0.0
346.923748 0.0
346.928066 0.0
346.933323 0.0
346.938721 0.0
346.943762 0.0
346.949177 0.0
346.954247 0.0
346.959714 0.0
346.964766 0.0
346.970118 0.0
346.97623 0.0
346.982681 0.0
346.989143 0.0
346.996216 0.0
347.004095 0.0
347.008364 0.0
347.013247 0.0
347.017634 0.0
347.022369 0.0
347.026674 0.0
347.031058 0.0
347.035676 0.0
347.04037 0.0
347.045788 0.0
347.051055 0.0
347.055978 0.0
347.060205 0.0
347.064369 0.0
347.068896 0.0
347.075135 0.0
347.08129 0.0
347.087922 0.0
347.094843 0.0
347.100434 0.0
347.104266 0.0
347.108745 0.0
347.1128 0.0
347.117104 0.0
347.121168 0.0
347.12518 0.0
347.129602 0.0
347.133598 0.0
347.137745 0.0
347.141847 0.0
347.145779 0.0
347.150032 0.0
347.154055 0.0
347.158241 0.0
347.162357 0.0
347.16635 0.0
347.17049 0.0
347.174657 0.0
347.178724 0.0
347.183497 0.0
347.187094 0.0
347.19088 0.0
347.194583 0.0
347.198176 0.0
347.202682 0.0
347.207536 0.0
347.212663 0.0
347.217234 0.0
347.221853 0.0
347.228533 0.0
347.235367 0.0
347.241028 0.0
347.248111 0.0
347.253915 0.0
347.260153 0.0
347.266784 0.0
347.272223 0.0
347.277603 0.0
347.282876 0.0
347.288508 0.0
347.293817 0.0
347.299276 0.0
347.304182 0.0
347.309302 0.0
347.313633 0.0
347.317919 0.0
347.322493 0.0
347.327009 0.0
347.331151 0.0
347.334788 0.0
347.338856 0.0
347.343232 0.0
347.347659 0.0
347.35201 0.0
347.356216 0.0
347.360558 0.0
347.365039 0.0
347.369311 0.0
347.374625 0.0
347.380106 0.0
347.385536 0.0
347.39091 0.0
347.396308 0.0
347.402001 0.0
347.408224 0.0
347.413428 0.0
347.419493 0.0
347.425358 0.0
347.430958 0.0
347.436332 0.0
347.44255 0.0
347.448958 0.0
347.455358 0.0
347.461792 0.0
347.466016 0.0
347.470011 0.0
347.474468 0.0
347.478388 0.0
347.482504 0.0
347.486747 0.0
347.491809 0.0
347.496501 0.0
347.501003 0.0
347.506065 0.0
347.510618 0.0
347.51551 -0.007870280903059244
347.520832 -0.007870280903059244
347.526334 -0.007870280903059244
347.531079 -0.007870280903059244
347.535564 0.05515313309469544
347.540178 0.05515313309469544
347.545246 0.05515313309469544
347.550418 0.05515313309469544
347.555141 0.17234313309469534
347.559383 0.17234313309469534
347.564205 0.11375313309469542
347.568778 0.11375313309469542
347.573433 0.11375313309469542
347.578106 0.11375313309469542
347.582502 0.11375313309469542
347.587098 0.09422313309469538
347.590817 0.09422313309469538
347.594444 0.09422313309469538
347.598092 0.09422313309469538
347.601979 0.09422313309469538
347.606228 0.05515313309469544
347.610427 0.05515313309469544
347.615005 0.05515313309469544
347.619461 0.05515313309469544
347.624312 0.05515313309469544
347.628597 0.01609313309469534
347.632834 0.01609313309469534
347.637274 0.01609313309469534
347.64175 0.01609313309469534
347.646096 0.01609313309469534
347.650523 -0.0518202809030594
347.654753 -0.0518202809030594
347.658981 -0.14947028090305942
347.663218 -0.14947028090305942
347.667832 -0.14947028090305942
347.674673 -0.14947028090305942
347.681551 -0.12018028090305938
347.685624 -0.12018028090305938
347.690285 -0.12018028090305938
347.694267 -0.12018028090305938
347.698744 -0.12018028090305938
347.702891 -0.0518202809030594
347.706978 -0.0518202809030594
347.711426 -0.0518202809030594
347.715545 -0.0518202809030594
347.720356 -0.0176402809030593
347.724385 -0.0176402809030593
347.728642 -0.0176402809030593
347.733593 -0.0176402809030593
347.737825 -0.0176402809030593
347.742628 -0.042050280903059345
347.74689 -0.042050280903059345
347.751585 -0.042050280903059345
347.756164 -0.042050280903059345
347.760165 -0.042050280903059345
347.764735 -0.0176402809030593
347.76896 -0.0176402809030593
347.77344 0.0
347.777682 0.0
347.781857 0.0
347.786583 0.0
347.790907 0.0
347.79548 0.0
347.79945 0.0
347.80372 0.0
347.807772 0.0
347.811813 0.0
347.816122 0.0
347.820157 0.0
347.824287 0.0
347.837845 -0.01275028090305924
347.842834 -0.01275028090305924
347.847544 -0.01275028090305924
347.853499 -0.01275028090305924
347.858869 0.0
347.864022 0.0
347.868603 0.0
347.87304 0.0
347.881862 0.0
347.892298 -0.007870280903059244
347.899008 -0.007870280903059244
347.904822 -0.007870280903059244
347.909286 -0.007870280903059244
347.913869 0.0
347.918648 0.0
347.924067 0.0
347.929279 0.0
347.934776 0.0
347.93982 0.0
347.945283 0.0
347.950336 0.0
347.955785 0.0
347.96105 0.0
347.966507 0.0
347.971764 0.0
347.977073 0.0
347.982417 0.0
347.987781 0.0
347.992962 0.0
347.998357 0.0
348.003813 0.0
348.009065 0.0
348.014277 0.0
348.019529 0.0
348.0255 0.0
348.034027 0.0
348.038142 0.0
348.042163 0.0
348.046497 0.0
348.050993 0.0
348.055344 0.0
348.059523 0.0
348.06396 0.0
348.068267 0.0
348.072492 0.0
348.077514 0.0
348.083115 0.0
348.08927 0.0
348.094161 0.0
348.099008 0.0
348.106774 0.0
348.113971 0.0
348.121574 0.0
348.125892 0.0
348.130431 0.0
348.134966 0.0
348.13945 0.0
348.143875 0.0
348.148151 0.0
348.152614 0.0
348.156852 0.0
348.161158 0.0
348.165706 0.0
348.170127 0.0
348.17457 0.0
348.179152 0.0
348.184483 0.0
348.189771 0.0
348.195293 0.0
348.200671 0.0
348.205102 0.0
348.2106 0.0
348.216812 0.0
348.222997 0.0
348.229329 0.0
348.233819 0.0
348.238968 0.0
348.243295 0.0
348.248155 0.0
348.252626 0.0
348.257793 0.0
348.262145 0.0
348.266446 0.0
348.271599 0.0
348.276926 0.0
348.286405 0.0
348.290844 0.0
348.295962 0.0
348.301337 0.0
348.305996 0.0
348.312394 0.0
348.319837 0.0
348.327311 0.0
348.335295 0.0
348.339943 0.0
348.344498 0.0
348.34856 0.0
348.35282 0.0
348.356858 0.0
348.361 0.0
348.365394 0.0
348.369431 0.0
348.373863 0.0
348.377854 0.0
348.382263 0.0
348.386303 0.0
348.390347 0.0
348.3945 0.0
348.398579 0.0
348.403006 0.0
348.407146 0.0
348.411159 0.0
348.415423 0.0
348.419491 0.0
348.423726 0.0
348.427974 0.0
348.432759 0.0
348.440867 0.0
348.446828 0.0
348.451312 0.0
348.457842 0.0
348.465324 0.0
348.47102 0.0
348.476242 0.0
348.480616 0.0
348.485356 0.0
348.491679 0.0
348.496392 0.0
348.501779 0.0
348.507362 0.0
348.511966 0.0
348.517942 0.0
348.52259 0.0
348.527058 0.0
348.531425 0.0
348.536077 0.011213133094695347
348.540231 0.011213133094695347
348.544517 0.011213133094695347
348.548865 0.011213133094695347
348.553261 0.011213133094695347
348.557903 0.0
348.562165 0.0
348.566712 0.0
348.571206 0.0
348.575273 0.0
348.579656 0.0
348.584063 0.0
348.588458 0.0
348.592574 0.0
348.597957 0.0
348.601914 0.0
348.605977 0.0
348.610287 -0.01275028090305924
348.614366 -0.01275028090305924
348.618469 -0.01275028090305924
348.622468 -0.01275028090305924
348.626477 -0.01275028090305924
348.630682 -0.0567002809030594
348.634848 -0.0567002809030594
348.638864 -0.0567002809030594
348.642921 -0.0567002809030594
348.647372 -0.0567002809030594
348.652324 -0.03228028090305929
348.656394 -0.03228028090305929
348.66076 -0.03228028090305929
348.665122 -0.03228028090305929
348.669658 0.0
348.67382 0.0
348.677946 0.0
348.682304 0.0
348.686504 0.0
348.691187 0.0
348.701613 0.0
348.707307 0.0
348.713077 0.0
348.718627 0.0
348.723917 0.0
348.728249 0.0
348.735476 0.0
348.739857 0.0
348.744473 0.0
348.748815 0.0
348.753251 0.0
348.75773 0.0
348.762037 0.0
348.767618 0.0
348.772837 0.0
348.778244 0.0
348.783385 0.0
348.788784 0.0
348.794161 0.0
348.799735 0.0
348.804244 0.0
348.809767 0.0
348.815113 0.0
348.820267 0.0
348.825722 0.0
348.831193 0.0
348.836665 0.0
348.841872 0.0
348.847738 0.0
348.853822 0.0
348.859775 0.0
348.86504 0.0
348.87217 0.0
348.878531 0.0
348.884223 0.0
348.889219 0.0
348.893799 0.0
348.898775 0.0
348.906239 0.0
348.91266 0.0
348.918493 0.0
348.923982 0.0
348.929538 0.0
348.934879 0.0
348.940202 0.0
348.945308 0.0
348.951244 0.0
348.959449 0.0
348.967976 0.0
348.976472 0.0
348.984803 0.0
348.993252 0.0
349.00123 0.0
349.009471 0.0
349.017681 0.0
349.023386 0.0
349.029418 0.0
349.034946 0.0
349.040263 0.0
349.045741 0.0
349.051635 0.0
349.058175 0.0
349.064479 0.0
349.071944 0.0
349.077091 0.0
349.081066 0.0
349.091458 0.0
349.095451 0.0
349.100161 0.0
349.104367 0.0
349.10931 0.0
349.114719 0.0
349.119652 0.0
349.125424 0.0
349.12991 0.0
349.13428 0.0
349.138967 0.0
349.143165 0.0
349.148309 0.0
349.152389 0.0
349.156558 0.0
349.160656 0.0
349.165361 0.0
349.171295 0.0
349.17618 0.0
349.180023 0.0
349.183575 0.0
349.187769 0.0
349.191355 0.0
349.195421 0.0
349.199744 0.0
349.204073 0.0
349.208672 0.0
349.21296 0.0
349.217109 0.0
349.221343 0.0
349.225308 0.0
349.229572 0.0
349.233637 0.0
349.237754 0.0
349.241497 0.0
349.245177 0.0
349.248855 0.0
349.253081 0.0
349.257327 0.0
349.262084 0.0
349.273312 0.0
349.278428 0.0
349.283102 0.0
349.289075 0.0
349.293784 0.0
349.298604 0.0
349.304181 0.0
349.308802 0.0
349.312965 0.0
349.31706 0.0
349.32132 0.0
349.325743 0.0
349.330803 0.0
349.341072 0.0
349.347483 0.0
349.353654 0.0
349.359402 0.0
349.364878 0.0
349.370763 0.0
349.375215 0.0
349.379278 0.0
349.397194 0.0
349.401246 0.0
349.405249 0.0
349.409782 0.0
349.413745 0.0
349.417962 0.0
349.421993 0.0
349.426103 0.0
349.430504 0.0
349.434484 0.0
349.43911 0.0
349.44425 0.0
349.449627 0.0
349.454777 0.0
349.460269 0.0
349.46496 0.0
349.469088 0.0
349.473186 0.0
349.477135 0.0
349.481236 0.0
349.485356 0.0
349.490001 0.0
349.495788 0.0
349.501017 0.04539313309469545
349.506133 0.04539313309469545
349.512239 0.04539313309469545
349.517437 0.04539313309469545
349.522713 0.07957313309469533
349.527149 0.07957313309469533
349.53193 0.07957313309469533
349.540555 0.07957313309469533
349.549868 0.04050313309469539
349.553835 0.04050313309469539
349.557848 0.04050313309469539
349.562453 0.04050313309469539
349.566631 0.05515313309469544
349.570582 0.05515313309469544
349.574772 0.05515313309469544
349.578795 0.05515313309469544
349.582807 0.05515313309469544
349.586911 0.08933313309469532
349.590889 0.08933313309469532
349.595247 0.06980313309469527
349.599377 0.06980313309469527
349.603372 0.06980313309469527
349.607453 0.06980313309469527
349.611404 0.06980313309469527
349.615723 -0.007870280903059244
349.619663 -0.007870280903059244
349.623612 -0.007870280903059244
349.627643 -0.007870280903059244
349.631628 -0.007870280903059244
349.63584 -0.09576028090305927
349.639856 -0.09576028090305927
349.643795 -0.09576028090305927
349.647764 -0.09576028090305927
349.651748 -0.09576028090305927
349.655742 -0.09576028090305927
349.65995 -0.12018028090305938
349.66389 -0.12018028090305938
349.667991 -0.12018028090305938
349.672011 -0.12018028090305938
349.676003 -0.12018028090305938
349.680198 -0.09576028090305927
349.684151 -0.09576028090305927
349.688326 -0.09576028090305927
349.69238 -0.09576028090305927
349.701027 -0.042050280903059345
349.707396 -0.042050280903059345
349.713192 -0.0518202809030594
349.717553 -0.0518202809030594
349.724883 -0.0518202809030594
349.731339 -0.01275028090305924
349.736766 -0.01275028090305924
349.741462 -0.01275028090305924
349.745923 -0.01275028090305924
349.751457 0.0
349.760095 0.0
349.769198 0.0
349.773723 0.0
349.777869 0.0
349.783274 0.0
349.787589 0.0
349.792042 0.0
349.796251 0.0
349.800485 0.0
349.805151 0.0
349.80968 0.0
349.814403 0.0
349.818647 0.0
349.822936 0.0
349.827456 0.0
349.832142 0.0
349.83735 0.0
349.84262 0.0
349.84814 0.0
349.853245 0.0
349.858379 0.0
349.863558 0.0
349.868958 0.0
349.874201 0.0
349.879469 0.0
349.884736 0.0
349.890216 -0.007870280903059244
349.895256 -0.007870280903059244
349.900873 -0.007870280903059244
349.907636 0.011213133094695347
349.91323 0.011213133094695347
349.91885 0.011213133094695347
349.924318 0.011213133094695347
349.930104 -0.007870280903059244
349.935608 -0.007870280903059244
349.941763 -0.007870280903059244
349.94801 0.0
349.954347 0.0
349.960131 0.0
349.96585 0.0
349.971206 0.0
349.976323 0.0
349.981851 0.0
349.987251 0.0
349.992594 0.0
349.997795 0.0
350.003298 0.0
350.008717 0.0
350.014294 0.0
350.019676 0.0
350.025261 0.0
350.030298 0.0
350.035586 0.0
350.041103 0.0
350.04629 0.0
350.051638 0.0
350.056793 0.0
350.061896 0.0
350.067155 0.0
350.072649 0.0
350.076846 0.0
350.08115 0.0
350.085305 0.0
350.089283 0.0
350.093369 0.0
350.097357 0.0
350.101293 0.0
350.105623 0.0
350.110291 0.0
350.114463 0.0
350.118182 0.0
350.122339 0.0
350.126585 0.0
350.13324 0.0
350.142603 0.0
350.149463 0.0
350.15823 0.0
350.163318 0.0
350.168266 0.0
350.173524 0.0
350.178516 0.0
350.183441 0.0
350.187769 0.0
350.192333 0.0
350.196602 0.0
350.200777 0.0
350.205178 0.0
350.209376 0.0
350.214002 0.0
350.218228 0.0
350.222963 0.0
350.227337 0.0
350.231506 0.0
350.236017 0.0
350.24027 0.0
350.24536 0.0
350.250384 0.0
350.255502 0.0
350.260833 0.0
350.266076 0.0
350.270386 0.0
350.274739 0.0
350.279138 0.0
350.283489 0.0
350.288166 0.0
350.292448 0.0
350.296815 0.0
350.301201 0.0
350.305484 0.0
350.310544 0.0
350.31557 0.0
350.321718 0.0
350.326677 0.0
350.332508 0.0
350.337555 0.0
350.342392 0.0
350.346685 0.0
350.351089 0.0
350.356286 0.0
350.362725 0.0
350.368517 0.0
350.37349 0.0
350.377756 0.0
350.38256 0.0
350.38673 0.0
350.391077 0.0
350.395395 0.0
350.399539 0.0
350.403822 0.0
350.407772 0.0
350.411975 0.0
350.416119 0.0
350.420091 0.0
350.424361 0.0
350.4283 0.0
350.432727 0.0
350.436798 0.0
350.440795 0.0
350.445017 0.0
350.448977 0.0
350.453171 0.0
350.457158 0.0
350.461113 0.0
350.465401 0.0
350.469656 0.0
350.474208 0.0
350.478453 0.0
350.482657 0.0
350.487118 0.0
350.49143 0.0
350.495923 0.011213133094695347
350.50019 0.011213133094695347
350.504572 0.011213133094695347
350.509425 0.011213133094695347
350.514604 0.011213133094695347
350.520985 -0.0176402809030593
350.526981 -0.042050280903059345
350.532249 -0.042050280903059345
350.537886 -0.042050280903059345
350.543747 -0.042050280903059345
350.549542 -0.03228028090305929
350.560385 -0.03228028090305929
350.566774 -0.03228028090305929
350.573634 -0.01275028090305924
350.578932 -0.01275028090305924
350.583901 -0.01275028090305924
350.58755 -0.01275028090305924
350.592021 0.0
350.596101 0.0
350.600501 0.0
350.605225 0.0
350.609552 0.0
350.615077 0.0
350.62036 0.0
350.626121 0.0
350.631272 0.0
350.636759 0.0
350.641873 0.0
350.647514 0.0
350.651861 0.0
350.656586 0.0
350.660974 0.0
350.665449 0.0
350.670748 0.0
350.675969 0.0
350.681385 0.0
350.686767 0.0
350.692106 0.0
350.697028 0.0
350.701525 0.0
350.706116 0.0
350.710624 0.0
350.715378 0.0
350.721298 0.0
350.725753 0.0
350.731211 0.0
350.73584 0.0
350.740598 -0.01275028090305924
350.745174 -0.01275028090305924
350.749599 -0.01275028090305924
350.755339 -0.01275028090305924
350.762017 0.0
350.768256 0.0
350.774072 0.011213133094695347
350.779354 0.011213133094695347
350.784766 0.011213133094695347
350.789899 0.011213133094695347
350.795523 0.020973133094695336
350.800741 0.020973133094695336
350.806326 0.020973133094695336
350.811804 0.020973133094695336
350.819145 0.0
350.825495 0.0
350.832109 0.0
350.838337 0.0
350.844209 0.0
350.849859 0.0
350.855794 0.0
350.861467 0.0
350.867456 0.0
350.873163 0.0
350.878157 0.0
350.882271 0.0
350.886386 0.0
350.890668 0.0
350.894633 0.0
350.898822 0.0
350.90298 0.0
350.907257 0.0
350.91139 0.0
350.915455 0.0
350.919602 0.0
350.92449 0.0
350.929561 0.0
350.935519 0.0
350.939801 0.0
350.944504 0.0
350.949334 0.0
350.954179 0.0
350.958563 0.0
350.96317 0.0
350.9682 0.0
350.972293 0.0
350.976728 0.0
350.982022 0.0
350.987663 0.0
350.992262 0.0
350.996444 0.0
351.001889 0.0
351.006361 0.0
351.011208 0.0
351.01636 0.0
351.022125 0.0
351.027353 0.0
351.032786 0.0
351.038191 0.0
351.043734 0.0
351.04917 0.0
351.054332 0.0
351.058991 0.0
351.063562 0.0
351.067802 0.0
351.072067 0.0
351.076164 0.0
351.080252 0.0
351.084631 0.0
351.088596 0.0
351.092793 0.0
351.096856 0.0
351.10096 0.0
351.105276 0.0
351.109241 0.0
351.11359 0.0
351.117566 0.0
351.121795 0.0
351.126368 0.0
351.131066 0.0
351.135775 0.0
351.139805 0.0
351.144567 0.0
351.149633 0.0
