430.000198 0.0
430.005748 0.0
430.011112 0.0
430.016431 0.0
430.020661 0.0
430.026117 0.0
430.030465 0.0
430.034612 -0.007870280903059244
430.038736 -0.007870280903059244
430.042978 -0.007870280903059244
430.047172 -0.007870280903059244
430.051306 -0.007870280903059244
430.055672 0.0
430.060129 0.0
430.063798 0.0
430.067609 0.0
430.071734 0.0
430.075616 0.0
430.07922 0.0
430.082965 0.0
430.086773 0.0
430.090371 0.0
430.094141 0.0
430.097966 0.0
430.101666 0.0
430.105311 0.0
430.109254 0.0
430.11378 0.0
430.118495 0.0
430.122539 0.0
430.1273 0.0
430.131587 0.0
430.13617 0.0
430.140498 0.0
430.144735 0.0
430.14904 0.0
430.153625 0.0
430.15951 0.0
430.164973 0.0
430.16975 0.0
430.174192 0.0
430.179579 0.0
430.184109 0.0
430.188532 0.0
430.192889 0.0
430.19697 0.0
430.201224 0.0
430.205228 0.0
430.209296 0.0
430.213552 0.0
430.21753 0.0
430.221849 0.0
430.226098 0.0
430.232267 0.0
430.236286 0.0
430.240499 0.0
430.244804 0.0
430.24877 0.0
430.253088 0.0
430.257075 0.0
430.261185 0.0
430.265407 0.0
430.269473 0.0
430.273628 0.0
430.277749 0.0
430.282038 0.0
430.286416 0.0
430.29044 0.0
430.294847 0.0
430.298835 0.0
430.304833 0.0
430.309169 0.0
430.313504 0.0
430.317631 0.0
430.321614 0.0
430.325975 0.0
430.329944 0.0
430.333915 0.0
430.338263 0.0
430.342211 0.0
430.346472 0.0
430.350425 0.0
430.354438 0.0
430.359191 0.0
430.363458 0.0
430.36812 0.0
430.372231 0.0
430.376749 0.0
430.381089 0.0
430.385287 0.0
430.389474 0.0
430.393737 0.0
430.398477 0.0
430.407286 0.0
430.412982 0.0
430.417007 0.0
430.421471 0.0
430.425415 0.0
430.429512 0.0
430.433871 0.0
430.437827 0.0
430.442208 0.0
430.446162 0.0
430.450351 0.0
430.454571 0.0
430.458544 0.0
430.463153 0.0
430.467259 0.0
430.471446 0.0
430.475556 0.0
430.479602 0.0
430.483889 0.0
430.487897 0.0
430.492489 0.0
430.497015 0.0
430.501129 0.0
430.505279 0.0
430.511356 0.0
430.51596 0.0
430.519879 0.0
430.524249 0.0
430.528598 0.0
430.532888 0.0
430.537015 0.0
430.540977 0.0
430.545281 0.0
430.549424 0.0
430.554877 0.0
430.560886 0.0
430.566206 0.0
430.569904 0.0
430.574578 0.0
430.57927 0.0
430.584743 0.0
430.58913 0.0
430.593686 0.0
430.600161 0.0
430.605905 0.0
430.612367 0.0
430.618295 0.0
430.622585 0.0
430.626973 0.0
430.630993 0.0
430.635098 0.0
430.639582 0.0
430.644272 0.0
430.649153 0.0
430.653207 0.0
430.657524 0.0
430.661913 0.0
430.672115 0.0
430.676106 0.0
430.680739 0.0
430.68433 0.0
430.688045 0.0
430.691994 0.0
430.695669 0.0
430.70011 0.0
430.704149 0.0
430.708123 0.0
430.712281 0.0
430.716254 0.0
430.720715 0.0
430.724783 0.0
430.728823 0.0
430.733179 0.0
430.737236 0.0
430.741448 0.0
430.745652 0.0
430.749621 0.0
430.753951 0.0
430.757907 0.0
430.762 0.0
430.766176 0.0
430.770228 0.0
430.774713 0.0
430.778751 0.0
430.782908 0.0
430.787121 0.0
430.791188 0.0
430.795497 0.0
430.799532 0.0
430.803778 0.0
430.808164 0.0
430.812463 0.0
430.817872 0.0
430.822046 0.0
430.826543 0.0
430.830969 0.0
430.835556 0.0
430.840137 0.0
430.845352 0.0
430.85061 0.0
430.855178 0.0
430.860207 0.0
430.86452 0.0
430.868874 0.0
430.873262 0.0
430.877748 0.0
430.882317 0.0
430.887324 0.0
430.891979 0.0
430.896013 0.0
430.900309 0.0
430.905151 0.0
430.909437 0.0
430.913658 0.0
430.917741 0.0
430.921872 0.0
430.926264 0.0
430.930552 -0.007870280903059244
430.934712 -0.007870280903059244
430.938995 -0.007870280903059244
430.943025 -0.007870280903059244
430.947145 -0.007870280903059244
430.95143 -0.0518202809030594
430.955543 -0.0518202809030594
430.959798 -0.042050280903059345
430.96382 -0.042050280903059345
430.968109 -0.042050280903059345
430.972589 -0.042050280903059345
430.977064 -0.042050280903059345
430.981098 0.09910313309469537
430.984753 0.09910313309469537
430.988292 0.09910313309469537
430.992254 0.09910313309469537
430.995801 0.09910313309469537
430.99965 0.09910313309469537
431.003495 0.1576931330946953
431.00715 0.1576931330946953
431.011251 0.1576931330946953
431.015315 0.1576931330946953
431.019351 0.1576931330946953
431.023833 0.10886313309469536
431.027775 0.10886313309469536
431.031979 0.10886313309469536
431.03592 0.10886313309469536
431.03995 0.10886313309469536
431.044315 0.11375313309469542
431.048274 0.11375313309469542
431.05255 0.11375313309469542
431.05663 0.11375313309469542
431.060746 0.11375313309469542
431.065149 0.04539313309469545
431.069182 0.04539313309469545
431.073594 0.04539313309469545
431.077656 0.04539313309469545
431.08161 0.04539313309469545
431.086238 0.0
431.090599 0.0
431.0955 0.0
431.099514 0.0
431.103638 -0.0567002809030594
431.108034 -0.0567002809030594
431.112518 -0.0567002809030594
431.117207 -0.0567002809030594
431.121357 -0.0567002809030594
431.125752 -0.12994028090305937
431.129796 -0.12994028090305937
431.134998 -0.13971028090305943
431.140282 -0.13971028090305943
431.145742 -0.13971028090305943
431.149832 -0.13971028090305943
431.154161 -0.13971028090305943
431.15906 -0.08600028090305928
431.1632 -0.08600028090305928
431.167247 -0.08600028090305928
431.17152 -0.08600028090305928
431.175584 -0.08600028090305928
431.180084 -0.0518202809030594
431.184054 -0.0518202809030594
431.188154 -0.0518202809030594
431.192272 -0.0518202809030594
431.196366 -0.0518202809030594
431.200612 0.0
431.204662 0.0
431.208838 0.0
431.213085 0.0
431.217069 0.0
431.221519 0.0
431.225638 0.0
431.2319 0.0
431.235488 0.0
431.239272 0.0
431.243077 0.0
431.246851 0.0
431.251052 0.0
431.255208 0.0
431.259138 0.0
431.263357 0.0
431.26742 0.0
431.271584 0.0
431.275667 0.0
431.280518 0.0
431.28655 0.0
431.293527 0.0
431.299111 0.0
431.302748 0.0
431.307669 0.0
431.313533 0.0
431.318009 0.0
431.323308 0.0
431.32968 0.0
431.334947 0.0
431.339218 0.0
431.344088 0.0
431.348386 0.0
431.352763 0.0
431.357326 0.0
431.361753 0.0
431.366142 0.0
431.37026 0.0
431.374829 0.0
431.380721 0.0
431.386396 0.0
431.39125 0.0
431.397563 0.0
431.403746 0.0
431.408382 0.0
431.412673 0.0
431.417543 0.0
431.422196 0.0
431.4274 0.011213133094695347
431.432778 0.011213133094695347
431.438565 0.0
431.442926 0.0
431.448495 0.0
431.454514 0.0
431.461004 0.0
431.467329 0.0
431.474303 0.0
431.479615 0.0
431.483964 0.0
431.488622 0.0
431.494758 0.0
431.500469 0.0
431.505474 0.0
431.510551 0.0
431.516737 0.0
431.524115 0.0
431.530551 0.0
431.536833 0.0
431.543603 0.0
431.549804 0.0
431.556047 0.0
431.562391 0.0
431.567477 0.0
431.574228 0.0
431.578571 0.0
431.582754 0.0
431.587369 0.0
431.591986 0.0
431.596786 0.0
431.601617 0.0
431.607668 0.0
431.614389 0.0
431.618456 0.0
431.622554 0.0
431.627161 0.0
431.631324 0.0
431.635485 0.0
431.639813 0.0
431.644157 0.0
431.64985 0.0
431.656057 0.0
431.662892 0.0
431.670966 0.0
431.678586 0.0
431.682724 0.0
431.687377 0.0
431.691685 0.0
431.695855 0.0
431.700632 0.0
431.704834 0.0
431.709466 0.0
431.714394 0.0
431.719726 0.0
431.724889 0.0
431.730677 0.0
431.737451 0.0
431.744007 -0.01275028090305924
431.750401 -0.01275028090305924
431.756766 -0.01275028090305924
431.761903 0.0
431.765912 0.0
431.769919 0.0
431.77431 0.0
431.778359 0.0
431.788054 0.0
431.792012 0.0
431.796211 0.0
431.800187 0.0
431.804452 0.0
431.808168 0.0
431.811852 0.0
431.815448 0.0
431.819232 0.0
431.822804 0.0
431.826437 0.0
431.830381 0.0
431.834437 0.0
431.838653 0.0
431.842735 0.0
431.846763 0.0
431.850864 0.0
431.854897 0.0
431.859718 0.0
431.865712 0.0
431.870915 0.0
431.876567 0.0
431.882353 0.0
431.887722 0.0
431.893101 0.0
431.89787 0.0
431.902946 0.0
431.907907 0.0
431.913587 0.0
431.919052 0.0
431.924125 0.0
431.928613 0.0
431.933388 0.0
431.937896 0.0
431.942221 0.0
431.946725 0.0
431.951214 0.0
431.955608 0.0
431.95976 0.0
431.963974 0.0
431.968426 0.0
431.97303 0.0
431.978422 0.0
431.984008 0.0
431.988535 0.0
431.993985 0.0
431.999471 0.0
432.004959 0.0
432.010469 0.0
432.015901 0.0
432.021258 0.0
432.026652 0.0
432.032148 0.0
432.037464 0.0
432.043032 0.0
432.048597 0.0
432.053993 0.0
432.059292 0.0
432.064867 0.0
432.070245 0.0
432.075615 0.0
432.081087 0.0
432.086471 0.0
432.091898 0.0
432.100486 0.0
432.107909 0.0
432.112373 0.0
432.116993 0.0
432.122287 0.0
432.126835 0.0
432.131287 0.0
432.135978 0.0
432.142172 0.0
432.147131 0.0
432.15273 0.0
432.157089 0.0
432.161728 0.0
432.166171 0.0
432.170471 0.0
432.174847 0.0
432.179003 0.0
432.183585 0.0
432.187732 0.0
432.19201 0.0
432.196219 0.0
432.200404 0.0
432.204762 0.0
432.208744 0.0
432.213105 0.0
432.217174 0.0
432.221282 0.0
432.225549 0.0
432.22961 0.0
432.233752 0.0
432.237897 0.0
432.241868 0.0
432.246033 0.0
432.250007 0.0
432.254232 0.0
432.258243 0.0
432.262261 0.0
432.2664 0.0
432.270427 0.0
432.274414 0.0
432.278639 0.0
432.282762 0.0
432.287751 0.0
432.291794 0.0
432.295918 0.0
432.299815 0.0
432.303403 0.0
432.30721 0.0
432.310805 0.0
432.314452 0.0
432.318917 0.0
432.325148 0.0
432.331348 0.0
432.336535 0.0
432.341385 0.0
432.345418 0.0
432.349742 0.0
432.354106 0.0
432.358185 0.0
432.362514 0.0
432.366488 0.0
432.370961 0.0
432.376402 0.0
432.3835 0.0
432.387915 0.0
432.392798 0.0
432.398435 0.0
432.403754 0.0
432.408892 0.0
432.413535 0.0
432.417573 0.0
432.424103 0.0
432.428248 0.0
432.432589 0.0
432.43655 0.0
432.440587 0.0
432.444759 0.0
432.448806 0.0
432.452957 0.0
432.457024 0.0
432.460984 0.0
432.465178 0.04050313309469539
432.469149 0.04050313309469539
432.473385 0.04050313309469539
432.477453 0.04050313309469539
432.481443 0.04050313309469539
432.485644 0.0
432.489649 0.0
432.493936 0.0
432.498365 0.0
432.502551 0.0
432.507221 -0.0518202809030594
432.513132 -0.0518202809030594
432.517282 -0.0518202809030594
432.521536 -0.0518202809030594
432.525774 -0.03228028090305929
432.529756 -0.03228028090305929
432.533873 -0.03228028090305929
432.538349 0.0
432.542737 0.0
432.547328 0.0
432.55183 0.0
432.556273 0.0
432.560999 0.0
432.565365 0.0
432.569999 0.0
432.574399 0.0
432.579282 0.0
432.58367 0.0
432.588041 0.0
432.592663 0.0
432.597535 0.0
432.602569 0.0
432.607071 0.0
432.611484 0.0
432.615725 0.0
432.62078 0.011213133094695347
432.625216 0.011213133094695347
432.629795 0.011213133094695347
432.634426 0.0
432.638804 0.0
432.643448 0.0
432.648157 0.0
432.653907 0.0
432.659507 0.0
432.665467 0.0
432.670595 0.0
432.677061 0.020973133094695336
432.681673 0.020973133094695336
432.686121 0.020973133094695336
432.690171 0.020973133094695336
432.694613 0.025863133094695397
432.698741 0.025863133094695397
432.702761 0.025863133094695397
432.707268 0.025863133094695397
432.711332 0.025863133094695397
432.715865 0.0
432.719977 0.0
432.724199 0.0
432.728641 0.0
432.732867 0.0
432.738007 -0.027400280903059293
432.742167 -0.027400280903059293
432.746899 -0.04693028090305934
432.751206 -0.04693028090305934
432.755667 -0.04693028090305934
432.760224 -0.04693028090305934
432.764419 -0.04693028090305934
432.769516 -0.07623028090305922
432.773534 -0.07623028090305922
432.777658 -0.07623028090305922
432.782779 -0.07623028090305922
432.787141 -0.03717028090305935
432.791141 -0.03717028090305935
432.795154 -0.03717028090305935
432.799518 -0.03717028090305935
432.803483 -0.03717028090305935
432.807911 -0.01275028090305924
432.811954 -0.01275028090305924
432.815971 -0.01275028090305924
432.820168 -0.01275028090305924
432.824197 -0.01275028090305924
432.828543 0.0
432.83253 0.0
432.836725 0.0
432.840975 0.0
432.84512 0.0
432.849419 0.020973133094695336
432.85351 0.020973133094695336
432.857901 0.020973133094695336
432.862022 0.020973133094695336
432.866134 0.020973133094695336
432.870467 0.020973133094695336
432.875338 0.020973133094695336
432.886575 0.0
432.890744 0.0
432.894901 0.0
432.899382 0.0
432.903542 0.0
432.908035 0.01609313309469534
432.912091 0.01609313309469534
432.916459 0.01609313309469534
432.922059 0.01609313309469534
432.927075 0.01609313309469534
432.932205 0.01609313309469534
432.936555 0.01609313309469534
432.940757 0.01609313309469534
432.945571 0.0
432.949838 0.0
432.954594 0.0
432.958847 0.0
432.963408 0.0
432.967404 0.0
432.971438 0.0
432.975582 0.0
432.97966 0.0
432.983928 0.0
432.988275 0.0
432.992652 0.0
432.996745 0.0
433.000346 0.0
433.004218 0.0
433.0081 0.0
433.011828 0.0
433.016135 0.0
433.020196 0.0
433.024182 0.0
433.02837 0.0
433.032414 0.0
433.037404 0.0
433.041923 0.0
433.046208 0.0
433.050736 0.0
433.054984 0.0
433.05958 0.0
433.063548 0.0
433.067887 0.0
433.07202 0.0
433.076084 0.0
433.080509 0.0
433.084553 0.0
433.08926 0.0
433.094817 0.0
433.100118 0.0
433.105587 0.0
433.111859 0.0
433.117767 0.0
433.123416 0.0
433.129368 0.0
433.135277 0.0
433.140748 0.0
433.146229 0.0
433.152231 0.0
433.158491 0.0
433.16423 0.0
433.16945 0.0
433.175288 0.0
433.180044 0.0
433.1844 0.0
433.188886 0.0
433.19332 0.0
433.197675 0.0
433.202051 0.0
433.206314 0.0
433.210617 0.0
433.215055 0.0
433.219215 0.0
433.223575 0.0
433.227551 0.0
433.233179 0.0
433.239651 0.0
433.243883 0.0
433.24794 0.0
433.252085 0.0
433.256268 0.0
433.26038 0.0
433.264572 0.0
433.268591 0.0
433.272966 0.0
433.2771 0.0
433.281258 0.0
433.285412 0.0
433.289579 0.0
433.293654 0.0
433.297807 0.0
433.301866 0.0
433.306109 0.0
433.311225 0.0
433.315427 0.0
433.319566 0.0
433.323804 0.0
433.327882 0.0
433.331975 0.0
433.354833 0.0
433.360864 0.0
433.365714 0.0
433.371606 0.0
433.376909 0.0
433.382255 0.0
433.38688 0.0
433.393138 0.0
433.398188 0.0
433.403416 -0.007870280903059244
433.408163 -0.007870280903059244
433.412522 0.0
433.416969 0.0
433.422049 0.0
433.427502 0.0
433.433173 0.0
433.438297 0.0
433.443683 0.0
433.448804 0.0
433.454257 0.0
433.459313 0.0
433.46476 0.0
433.469846 0.0
433.475326 0.0
433.480375 0.0
433.485786 0.0
433.491233 0.0
433.497303 0.0
433.502469 0.0
433.508772 0.0
433.515041 0.0
433.520448 0.0
433.524595 0.0
433.528181 0.0
433.531779 0.0
433.535828 0.0
433.539475 0.0
433.543156 0.0
433.547384 0.0
433.551631 0.0
433.556028 0.0
433.560032 0.0
433.564175 0.0
433.568766 0.0
433.573231 0.0
433.577724 0.0
433.58217 0.0
433.588673 0.0
433.593082 0.0
433.597072 0.0
433.607128 0.0
433.614252 0.0
433.619938 0.0
433.624751 0.0
433.637444 0.0
433.64695 0.0
433.657045 0.0
433.665036 0.0
433.673285 0.0
433.680562 0.0
433.68639 0.0
433.690465 0.0
433.694789 0.0
433.698793 0.0
433.702754 0.0
433.707027 0.0
433.711019 0.0
433.715199 0.0
433.719215 0.0
433.723182 0.0
433.727391 0.0
433.731429 0.0
433.735613 0.0
433.739613 0.0
433.743585 0.0
433.747753 0.0
433.751765 0.0
433.755983 0.0
433.76006 0.0
433.764047 0.0
433.768201 0.0
433.772305 0.0
433.77679 0.0
433.781108 0.0
433.7853 0.0
433.7894 0.0
433.793509 0.0
433.798173 0.0
433.802176 0.0
433.806367 0.0
433.810534 0.0
433.814551 0.0
433.818977 0.0
433.822979 0.0
433.827116 0.0
433.831482 0.0
433.835905 0.0
433.840665 0.0
433.844669 0.0
433.848825 0.0
433.853385 0.0
433.857647 0.0
433.861899 0.0
433.865958 0.0
433.870432 0.0
433.875819 0.0
433.881402 0.0
433.886902 0.0
433.89167 0.0
433.899853 0.0
433.906188 0.0
433.91211 0.0
433.916439 0.0
433.921302 0.0
433.927429 0.0
433.934206 0.0
433.940224 0.0
433.947086 0.0
433.953564 0.0
433.959616 0.0
433.965185 0.0
433.969154 0.0
433.973114 0.0
433.977502 0.0
433.981453 0.0
433.985892 0.0
433.989915 0.0
433.994276 0.0
433.998611 0.0
434.002749 0.0
434.007297 0.0
434.011461 0.0
434.01561 0.0
434.019842 0.0
434.023985 0.0
434.028597 0.0
434.03289 0.0
434.037147 0.0
434.041684 0.0
434.047681 0.0
434.054617 0.0
434.061158 0.0
434.067371 0.0
434.074034 0.0
434.078245 0.0
434.08254 0.0
434.086556 0.0
434.090901 0.0
434.095447 0.0
434.099739 0.0
434.104369 0.0
434.108348 0.0
434.112778 0.0
434.117168 0.0
434.121627 0.0
434.125986 0.0
434.129997 0.0
434.134198 0.0
434.138515 0.0
434.143782 -0.007870280903059244
434.149056 -0.007870280903059244
434.153979 -0.01275028090305924
434.158308 -0.01275028090305924
434.16633 -0.01275028090305924
434.172806 -0.01275028090305924
434.178713 -0.01275028090305924
434.184147 -0.01275028090305924
434.189812 -0.01275028090305924
434.19567 0.030743133094695396
434.201452 0.030743133094695396
434.206907 0.030743133094695396
434.212616 0.030743133094695396
434.218419 0.10886313309469536
434.224197 0.10886313309469536
434.230398 0.10886313309469536
434.236418 0.11375313309469542
434.241984 0.11375313309469542
434.246486 0.13328313309469525
434.250748 0.13328313309469525
434.254901 0.13328313309469525
434.259367 0.13328313309469525
434.263533 0.13328313309469525
434.268167 0.1235131330946954
434.272547 0.1235131330946954
434.276526 0.1235131330946954
434.28082 0.1235131330946954
434.285081 0.1235131330946954
434.289255 0.0
434.293599 0.0
434.297791 0.0
434.301754 0.0
434.306218 0.0
434.310522 -0.08111028090305922
434.314668 -0.08111028090305922
434.318684 -0.08111028090305922
434.322779 -0.08111028090305922
434.327225 -0.08111028090305922
434.331526 -0.12018028090305938
434.336014 -0.12018028090305938
434.340506 -0.12018028090305938
434.344681 -0.12018028090305938
434.350133 -0.09088028090305927
434.356478 -0.09088028090305927
434.362867 -0.06646028090305939
434.367672 -0.06646028090305939
434.37326 -0.06646028090305939
434.378092 -0.06646028090305939
434.383162 -0.04693028090305934
434.387626 -0.04693028090305934
434.39215 -0.04693028090305934
434.396516 -0.04693028090305934
434.401992 -0.007870280903059244
434.406845 -0.007870280903059244
434.411969 -0.007870280903059244
434.416577 -0.007870280903059244
434.423237 -0.027400280903059293
434.427781 -0.027400280903059293
434.432459 -0.027400280903059293
434.43671 -0.027400280903059293
434.440714 -0.027400280903059293
434.444973 0.0
434.448948 0.0
434.453041 0.0
434.457196 0.0
434.461218 0.0
434.465443 0.0
434.469404 0.0
434.473398 0.0
434.477538 0.0
434.481535 0.0
434.485652 0.0
434.489645 0.0
434.494075 0.0
434.498857 0.0
434.502871 0.0
434.508964 0.0
434.513512 0.0
434.519284 0.0
434.530974 0.0
434.536725 0.0
434.542675 0.0
434.548675 0.0
434.553101 0.0
434.557026 0.0
434.561357 0.0
434.565617 0.0
434.569757 0.0
434.573852 0.0
434.577582 0.0
434.581446 0.0
434.585522 0.0
434.589296 0.0
434.593148 0.0
434.596794 0.0
434.60066 0.0
434.604833 0.0
434.60889 0.0
434.615496 0.0
434.619984 0.0
434.626194 0.0
434.631318 0.0
434.635957 0.011213133094695347
434.644296 0.011213133094695347
434.654354 0.0
434.665233 0.0
434.676066 0.0
434.680418 0.0
434.685548 0.0
434.690818 0.0
434.695579 0.0
434.700175 0.0
434.704865 0.0
434.709583 0.0
434.714293 0.0
434.718766 0.0
434.723122 0.0
434.727641 0.0
434.731825 0.0
434.736315 0.0
434.740674 0.0
434.745129 0.0
434.749572 0.0
434.753835 0.0
434.758193 0.0
434.762562 0.0
434.767044 0.0
434.771548 0.0
434.77609 0.0
434.780628 0.0
434.784838 0.0
434.789661 0.0
434.7938 0.0
434.797858 0.0
434.802188 0.0
434.808134 0.0
434.813741 0.0
434.819535 0.0
434.825576 0.0
434.830881 0.0
434.834976 0.0
434.839103 0.0
434.843489 0.0
434.847428 0.0
434.851714 0.0
434.855763 0.0
434.859774 0.0
434.864058 0.0
434.868086 0.0
434.872258 0.011213133094695347
434.876447 0.011213133094695347
434.880909 0.011213133094695347
434.885876 0.011213133094695347
434.889887 0.011213133094695347
434.894611 0.0
434.899058 0.0
434.903719 0.0
434.908182 0.0
434.91257 0.0
434.917626 0.0
434.922546 0.0
434.928762 0.0
434.933273 0.0
434.938173 0.0
434.943887 0.0
434.949423 0.0
434.954621 0.0
434.960265 0.0
434.965468 0.0
434.970474 0.0
434.974683 0.0
434.979443 0.0
434.983819 0.0
434.989196 0.0
434.99432 0.0
435.000344 0.0
435.004817 0.0
435.010063 0.0
435.014294 0.0
435.018382 0.0
435.023067 0.0
435.02749 0.0
435.031958 0.0
435.036017 0.0
435.040125 0.0
435.044439 0.0
435.048593 0.0
435.053344 0.0
435.057754 0.0
435.062348 0.0
435.066924 0.0
435.071508 0.0
435.076461 0.0
435.081285 0.0
435.08678 0.0
435.092107 0.0
435.097532 0.0
435.103223 -0.0176402809030593
435.107526 -0.0176402809030593
435.111541 -0.0176402809030593
435.115858 -0.0176402809030593
435.11992 -0.0176402809030593
435.125401 0.0
435.134307 0.0
435.139522 0.0
435.14523 0.0
435.151352 0.0
435.156845 0.0
435.162395 0.0
435.168008 0.0
435.174077 0.0
435.181362 0.0
435.186271 0.0
435.192657 0.0
435.198821 0.0
435.202866 0.0
435.207188 0.0
435.211174 0.0
435.215519 0.0
435.219553 0.0
435.223612 0.0
435.228019 0.0
435.232135 0.0
435.23647 0.0
435.240595 0.0
435.244644 0.0
435.249198 0.0
435.253295 0.0
435.258162 0.0
435.26242 0.0
435.267167 0.0
435.271335 0.0
435.275573 0.0
435.280528 0.0
435.284681 0.0
435.289378 0.0
435.293346 0.0
435.297397 0.0
435.302454 0.0
435.306498 0.0
435.311468 0.0
435.315598 0.0
435.319862 0.0
435.324198 0.0
435.328266 0.0
435.332984 0.0
435.337157 0.0
435.341447 0.0
435.346066 0.0
435.350119 0.0
435.354507 0.0
435.358724 0.0
435.363602 0.0
435.367863 0.0
435.37207 0.0
435.376632 0.0
435.380766 0.0
435.385298 0.0
435.389303 0.0
435.394079 0.0
435.39851 0.0
435.402405 0.0
435.407398 0.0
435.411369 0.0
435.41577 0.0
435.42012 0.0
435.424416 0.0
435.428875 0.0
435.432978 0.0
435.437527 0.0
435.444785 0.0
435.450239 0.0
435.454991 0.0
435.459469 0.0
435.46402 0.0
435.468247 0.0
435.472427 0.0
435.47696 0.0
435.481118 0.0
435.485536 0.0
435.489748 0.0
435.494825 0.0
435.499062 0.0
435.503757 0.0
435.508417 0.0
435.512655 0.0
435.517831 0.0
435.523391 0.0
435.527986 -0.007870280903059244
435.531981 -0.007870280903059244
435.536058 -0.007870280903059244
435.540155 -0.007870280903059244
435.544193 -0.007870280903059244
435.548416 0.0
435.552797 0.0
435.557172 0.0
435.561142 0.0
435.5652 0.0
435.569399 0.0
435.573393 0.0
435.577592 0.0
435.581676 0.0
435.5858 0.0
435.590019 0.0
435.594001 0.0
435.598164 0.0
435.602094 0.0
435.606089 0.0
435.610148 0.0
435.614172 0.0
435.618418 0.0
435.62244 0.0
435.626468 0.0
435.630579 0.0
435.634582 0.0
435.638978 -0.0176402809030593
435.643817 -0.0176402809030593
435.65528 0.0
435.659612 0.0
435.664783 0.0
435.669389 0.0
435.673512 0.0
435.677912 0.0
435.681997 0.0
435.687071 0.0
435.692402 0.0
435.698392 0.0
435.702579 0.0
435.707439 0.0
435.712549 0.0
435.717217 0.0
435.721807 0.0
435.72617 0.0
435.730833 0.0
435.735182 0.0
435.739513 0.0
435.743957 0.0
435.748498 0.0
435.752778 0.0
435.757331 0.0
435.763416 0.0
435.769249 0.0
435.77348 0.0
435.777442 0.0
435.78164 0.0
435.785757 0.0
435.790051 0.0
435.79415 0.0
435.798132 0.0
435.802225 0.0
435.806274 0.0
435.810484 0.0
435.814466 0.0
435.818597 0.0
435.822722 0.0
435.826833 0.0
435.831015 0.0
435.835026 0.0
435.839113 0.0
435.843179 0.0
435.847196 0.0
435.85149 0.0
435.855453 0.0
435.859609 0.0
435.863745 0.0
435.867739 0.0
435.871907 0.0
435.875909 0.0
435.880001 0.0
435.8843 0.0
435.888311 0.0
435.892644 0.0
435.896789 0.0
435.901079 0.0
435.905957 0.0
435.910042 0.0
435.914393 0.0
435.918498 0.0
435.922876 0.0
435.927175 0.0
435.931392 0.0
435.935682 0.0
435.939952 0.0
435.945391 0.0
435.950455 0.0
435.957059 0.0
435.962439 0.0
435.968359 0.0
435.973444 0.0
435.97886 0.0
435.983987 0.0
435.988883 0.0
435.993128 0.0
435.997972 0.0
436.002125 0.0
436.006609 0.0
436.011568 0.0
436.016033 0.0
436.020353 0.0
436.0244 0.0
436.028554 0.0
436.032637 0.0
436.036599 0.0
436.041119 0.0
436.045143 0.0
436.049378 0.0
436.053362 0.0
436.057356 0.0
436.061744 0.0
436.065731 0.0
436.069788 0.0
436.073891 0.0
436.077837 0.0
436.082135 0.0
436.086134 0.0
436.090109 0.0
436.09431 0.0
436.098219 0.0
436.102446 0.0
436.106376 0.0
436.110402 0.0
436.114838 0.0
436.118879 0.0
436.123045 0.0
436.127082 0.0
436.131049 0.0
436.135531 0.0
436.13953 0.0
436.143814 0.0
436.147833 0.0
436.152453 0.0
436.15696 0.0
436.161248 0.0
436.165576 0.0
436.169535 0.0
436.174048 0.0
436.178515 0.0
436.182772 0.0
436.187212 0.0
436.191259 0.0
436.195368 0.0
436.200191 0.0
436.205325 0.0
436.210824 0.0
436.215204 0.0
436.219655 0.0
436.223992 0.0
436.22839 0.0
436.232583 0.0
436.236669 0.0
436.240783 0.0
436.244856 0.0
436.249061 0.030743133094695396
436.253199 0.030743133094695396
436.257274 0.030743133094695396
436.261415 0.030743133094695396
436.265378 0.030743133094695396
436.269634 0.04539313309469545
436.273753 0.04539313309469545
436.277961 0.020973133094695336
436.282014 0.020973133094695336
436.286143 0.020973133094695336
436.290355 0.020973133094695336
436.294426 0.020973133094695336
436.298713 -0.022520280903059294
436.302657 -0.022520280903059294
436.306877 -0.022520280903059294
436.311176 -0.022520280903059294
436.315273 -0.022520280903059294
436.319526 -0.06158028090305939
436.323617 -0.06158028090305939
436.327682 -0.06158028090305939
436.331745 -0.06158028090305939
436.335801 -0.06158028090305939
436.340024 -0.06646028090305939
436.344048 -0.06646028090305939
436.34814 -0.06646028090305939
436.352356 -0.06646028090305939
436.356541 -0.06646028090305939
436.360792 -0.0567002809030594
436.364829 -0.0567002809030594
436.368944 -0.0567002809030594
436.373059 -0.0567002809030594
436.378632 -0.0567002809030594
436.384229 0.0
436.389625 0.0
436.394861 0.0
436.400319 0.0
436.405902 0.0
436.412087 0.0
436.416208 0.0
436.420938 0.0
436.425781 0.0
436.430287 0.0
436.434973 0.0
436.439355 0.0
436.444782 0.0
436.450382 0.0
436.455672 0.011213133094695347
436.460522 0.011213133094695347
436.467458 0.011213133094695347
436.471993 0.011213133094695347
436.476288 0.0
436.480414 0.0
436.484558 0.0
436.48866 0.0
436.493009 0.0
436.497258 0.0
436.50129 0.0
436.505983 0.0
436.510166 0.0
436.514555 0.0
436.519096 0.0
436.523138 0.0
436.527815 0.0
436.532044 0.0
436.53644 0.0
436.54068 0.0
436.544966 0.0
436.549788 0.0
436.554078 0.0
436.558513 0.0
436.562752 0.0
436.567745 0.0
436.572994 0.0
436.577417 0.0
436.582055 0.0
436.58691 0.0
436.591791 0.0
436.59649 0.0
436.60078 0.0
436.604804 0.0
436.608921 0.0
436.613087 0.0
436.617157 0.0
436.621624 0.0
436.62572 0.0
436.630188 0.0
436.634377 0.0
436.638422 0.0
436.642739 0.0
436.646834 0.0
436.651158 0.0
436.655288 0.0
436.6604 0.0
436.664162 0.0
436.668024 0.0
436.672538 0.0
436.676628 0.0
436.68063 0.0
436.685295 0.0
436.689709 0.0
436.694183 0.0
436.698322 0.0
436.702568 0.0
436.706597 0.0
436.717767 0.0
436.722876 0.0
436.727751 0.0
436.733536 0.0
436.741815 0.0
436.747306 0.0
436.752807 0.0
436.758339 0.0
436.763118 0.0
436.767184 0.0
436.771233 0.0
436.775183 0.0
436.77945 0.0
436.783398 0.0
436.787557 0.0
436.791534 0.0
436.795587 0.0
436.799755 0.0
436.803741 0.0
436.808497 0.0
436.812742 0.0
436.817263 0.0
436.821678 0.0
436.826131 0.0
436.830867 0.0
436.835244 0.0
436.839527 0.0
436.843915 0.0
436.848543 0.0
436.853968 0.0
436.859172 0.0
436.864369 0.0
436.869349 0.0
436.874761 0.0
436.87979 0.0
436.885281 0.0
436.890292 0.0
436.895837 0.0
436.900906 0.0
436.906265 0.0
436.911447 0.0
436.916848 0.0
436.922663 0.0
436.928265 0.0
436.933376 0.0
436.937744 0.0
436.941931 0.0
436.946276 0.0
436.950405 0.0
436.954515 0.0
436.958672 0.0
436.963889 0.0
436.96889 0.0
436.973745 0.0
436.978149 0.0
436.986466 0.0
436.992454 0.0
436.997982 0.0
437.003452 0.0
437.009204 0.0
437.014753 0.0
437.020198 0.0
437.026096 0.0
437.031533 0.0
437.036363 0.0
437.040541 0.0
437.044746 0.0
437.049331 0.0
437.053526 0.0
437.05788 0.0
437.062096 0.0
437.066482 0.0
437.070659 0.0
437.074902 0.0
437.079382 0.0
437.083448 0.0
437.087468 0.0
437.091552 0.0
437.095539 0.0
437.099871 0.0
437.103838 0.0
437.107982 0.0
437.11196 0.0
437.116034 0.0
437.120559 0.0
437.124984 0.0
437.129556 0.0
437.133566 0.0
437.137677 0.0
437.142027 0.0
437.146196 0.0
437.150564 -0.007870280903059244
437.154745 -0.007870280903059244
437.158779 -0.007870280903059244
437.178025 0.0
437.182237 0.0
437.187231 0.0
437.19212 0.0
437.197034 0.0
437.201216 0.0
437.205728 0.0
437.211028 0.0
437.215472 0.0
437.220912 0.0
437.226277 0.0
437.232398 0.0
437.240174 0.0
437.245607 0.0
437.251177 0.0
437.256335 0.0
437.261764 0.0
437.266895 0.0
437.272361 0.0
437.277385 0.0
437.282867 0.0
437.287904 0.0
437.292423 0.0
437.296413 0.0
437.300424 0.0
437.304548 0.0
437.308556 0.0
437.312799 0.0
437.316983 0.0
437.321147 0.0
437.325344 0.0
437.329315 0.0
437.33336 0.0
437.337473 0.0
437.341792 0.0
437.345888 0.0
437.349845 0.0
437.353899 0.0
437.358024 0.0
437.362166 0.0
437.366192 0.0
437.370158 0.0
437.374258 0.0
437.378761 0.0
437.385185 0.0
437.391112 0.0
437.395471 0.0
437.399262 0.0
437.403009 0.0
437.407493 0.0
437.411221 0.0
437.415091 0.0
437.418799 0.0
437.422843 0.0
437.426907 0.0
437.431235 0.0
437.435493 0.0
437.440056 0.0
437.445078 0.0
437.44959 0.0
437.454584 0.0
437.460495 0.0
437.466777 0.0
437.472749 0.0
437.477779 0.0
437.482076 0.0
437.486491 0.0
437.490468 0.0
437.495579 0.0
437.499886 0.0
437.504003 0.0
437.50986 0.0
437.514769 0.0
437.518623 0.0
437.522168 0.0
437.525734 0.0
437.529555 0.0
437.533207 0.0
437.537046 0.0
437.540904 0.0
437.544544 0.0
437.548583 0.0
437.552216 0.0
437.556214 0.0
437.560543 0.0
437.5649 0.0
437.569219 0.0
437.57374 0.0
437.577632 0.0
437.581982 0.0
437.586382 0.0
437.591041 0.0
437.595018 0.0
437.598963 0.0
437.603156 0.0
437.607145 0.0
437.611305 0.0
437.615412 0.0
437.619387 0.0
437.623865 0.0
437.627536 0.0
437.63138 0.0
437.634904 0.0
437.638517 0.0
437.642371 0.0
437.646475 0.0
437.650476 0.0
437.654728 0.0
437.65867 0.0
437.662842 0.0
437.666882 0.0
437.671005 0.0
437.675626 0.0
437.680059 0.0
437.684454 0.0
437.688492 0.0
437.692555 0.0
437.697163 0.0
437.701498 0.0
437.705832 0.0
437.709882 0.0
437.71389 0.0
437.718239 0.0
437.723322 0.0
437.72863 0.0
437.733897 0.0
437.73904 0.0
437.743776 0.0
437.748302 0.0
437.753663 0.0
437.758452 0.0
437.763166 0.0
437.768586 0.0
437.774319 0.0
437.779893 0.0
437.785568 0.0
437.791329 -0.01275028090305924
437.797279 -0.01275028090305924
437.802634 -0.01275028090305924
437.807993 -0.01275028090305924
437.81217 -0.01275028090305924
437.816396 -0.01275028090305924
437.82106 0.0
437.825249 0.0
437.829758 0.0
437.833996 0.0
437.838815 0.0
437.843095 0.0
437.84711 0.0
437.851553 0.0
437.855572 0.0
437.860275 0.13816313309469525
437.864241 0.13816313309469525
437.868313 0.13816313309469525
437.872915 0.13816313309469525
437.87686 0.13816313309469525
437.881555 0.1235131330946954
437.885521 0.1235131330946954
437.889503 0.1235131330946954
437.894097 0.07957313309469533
437.898189 0.07957313309469533
437.903009 0.07957313309469533
437.906969 0.07957313309469533
437.91133 0.06492313309469527
437.915576 0.06492313309469527
437.919609 0.06492313309469527
437.924149 0.06492313309469527
437.92821 0.06492313309469527
437.933084 0.01609313309469534
437.937188 0.01609313309469534
437.941195 0.01609313309469534
437.945662 0.01609313309469534
437.949976 0.01609313309469534
437.95515 -0.007870280903059244
437.959775 -0.007870280903059244
437.966225 -0.007870280903059244
437.97372 -0.12018028090305938
437.978295 -0.12018028090305938
437.982578 -0.12018028090305938
437.987151 -0.12018028090305938
437.991429 -0.12018028090305938
437.996135 -0.12018028090305938
438.001324 -0.12018028090305938
438.006677 -0.042050280903059345
438.012202 -0.042050280903059345
438.016727 -0.042050280903059345
438.021197 -0.042050280903059345
438.026037 -0.04693028090305934
438.030607 -0.04693028090305934
438.034361 -0.04693028090305934
438.038115 -0.04693028090305934
438.041666 -0.04693028090305934
438.045423 -0.04693028090305934
438.049217 -0.03717028090305935
438.052796 -0.03717028090305935
438.056508 -0.03717028090305935
438.060097 -0.03717028090305935
438.063656 -0.03717028090305935
438.067567 -0.007870280903059244
438.071176 -0.007870280903059244
438.07478 -0.007870280903059244
438.078684 -0.007870280903059244
438.082545 -0.007870280903059244
438.086664 -0.007870280903059244
438.090822 0.0
438.094778 0.0
438.099082 0.0
438.103034 0.0
438.107009 0.0
438.11116 0.0
438.11509 0.0
438.119408 0.0
438.123393 0.0
438.127552 0.0
438.13217 0.0
438.136419 0.0
438.141046 0.0
438.145189 0.0
438.149394 0.0
438.15366 0.0
438.157841 0.0
438.162413 0.0
438.166563 0.0
438.17095 0.0
438.175205 0.0
438.179474 0.0
438.184127 0.0
438.188268 0.0
438.19301 0.0
438.197571 0.0
438.202569 0.0
438.207583 0.0
438.213014 0.0
438.219272 0.0
438.22457 0.0
438.228662 0.0
438.232809 0.0
438.237216 0.0
438.249172 0.0
438.254299 0.0
438.259113 0.0
438.264558 0.0
438.270333 0.0
438.274299 0.0
438.278552 0.0
438.282557 0.0
438.286586 0.0
438.290752 0.0
438.294759 0.0
438.298751 0.0
438.303098 0.0
438.30743 0.0
438.311893 0.0
438.316158 0.0
438.320612 0.0
438.325223 0.0
438.329491 0.0
438.334016 0.0
438.337995 0.0
438.342162 0.0
438.346158 0.0
438.350209 0.0
438.354531 0.0
438.358586 0.0
438.362796 0.0
438.366831 0.0
438.370772 0.0
438.375029 0.0
438.378978 0.0
438.38311 0.0
438.387092 0.0
438.391038 0.0
438.395292 -0.01275028090305924
438.399664 -0.01275028090305924
438.404293 -0.01275028090305924
438.408594 -0.01275028090305924
438.413436 0.0
438.417894 0.0
438.422485 0.0
438.427167 0.0
438.431538 0.0
438.435666 0.0
438.439754 0.0
438.443748 0.0
438.448175 0.0
438.452145 0.0
438.456441 0.0
438.460719 0.0
438.465137 0.0
438.469518 0.0
438.473594 0.0
438.478028 0.0
438.482207 0.0
438.486362 0.0
438.490882 0.0
438.495922 0.0
438.501181 0.0
438.506507 0.0
438.51304 0.0
438.51756 0.0
438.522151 0.0
438.525991 0.0
438.529853 0.0
438.534117 0.0
438.538104 0.0
438.54242 0.0
438.546382 0.0
438.550529 0.0
438.55472 0.0
438.558766 0.0
438.563135 -0.007870280903059244
438.56715 -0.007870280903059244
438.571115 -0.007870280903059244
438.575308 0.0
438.579305 0.0
438.583674 0.0
438.588028 0.0
438.592313 0.0
438.59675 0.0
438.60074 0.0
438.604886 0.0
438.608864 0.0
438.612976 0.0
438.61725 0.0
438.621298 0.0
438.625355 0.0
438.629401 0.0
438.633371 0.0
438.637559 0.0
438.641506 0.0
438.645738 0.0
438.649659 0.0
438.653741 0.0
438.658 0.0
438.662013 0.0
438.665981 0.0
438.67002 0.0
438.674006 0.0
438.678172 0.0
438.682215 0.0
438.686296 0.0
438.690534 0.0
438.694582 0.0
438.698798 0.0
438.702765 0.0
438.706838 0.0
438.711274 0.0
438.715763 0.0
438.720348 0.0
438.724567 0.0
438.728598 0.0
438.733099 -0.0176402809030593
438.73803 -0.0176402809030593
438.744596 -0.0176402809030593
438.750622 0.0
438.755274 0.0
438.759959 0.0
438.764763 0.0
438.769772 0.0
438.776206 0.0
438.781636 0.0
438.788447 0.01609313309469534
438.794931 0.01609313309469534
438.799397 0.01609313309469534
438.803573 0.01609313309469534
438.807836 0.0
438.811876 0.0
438.815819 0.0
438.820138 0.0
438.824196 0.0
438.828558 0.0
438.832776 0.0
438.836918 0.0
438.841103 0.0
438.845236 0.0
438.849369 0.0
438.853421 0.0
438.857579 0.0
438.861744 0.0
438.865826 0.0
438.870099 -0.01275028090305924
438.874161 -0.01275028090305924
438.878171 -0.01275028090305924
438.882486 0.011213133094695347
438.886662 0.011213133094695347
438.891258 0.011213133094695347
438.895492 0.011213133094695347
438.899652 0.011213133094695347
438.904177 0.0
438.908481 0.0
438.912957 0.0
438.917286 0.0
438.921444 0.0
438.925473 0.0
438.929424 0.0
438.933447 0.0
438.937464 0.0
438.941424 0.0
438.945667 0.0
438.949731 0.0
438.953904 0.0
438.95799 0.0
438.962391 0.0
438.966864 0.0
438.97145 0.0
438.975999 0.0
438.98064 0.0
438.986097 0.0
438.990482 0.0
438.995524 0.0
439.000601 0.0
439.005539 0.0
439.010484 0.0
439.015195 0.0
439.020209 0.0
439.02609 0.0
439.031541 0.0
439.036213 0.0
439.041209 0.0
439.04539 0.0
439.050273 0.0
439.054307 0.0
439.058668 0.0
439.063895 0.0
439.068384 0.0
