369.300144 0.0
369.304319 0.0
369.308404 0.0
369.313202 0.0
369.317255 0.0
369.321309 0.0
369.327042 0.0
369.335147 0.0
369.341395 0.0
369.346514 0.0
369.35102 0.0
369.357433 0.0
369.362074 0.0
369.367192 0.0
369.371543 0.0
369.377427 0.0
369.381768 0.0
369.386498 0.0
369.391741 0.0
369.395923 0.0
369.40059 0.0
369.40483 0.0
369.409354 0.0
369.41376 0.0
369.418277 0.0
369.424874 0.0
369.431744 0.0
369.436252 0.0
369.440879 0.0
369.445107 0.0
369.449296 0.0
369.453667 0.0
369.45786 0.0
369.462442 0.0
369.466616 0.0
369.470724 0.0
369.474798 0.0
369.478746 0.0
369.482708 0.0
369.486635 0.0
369.49057 0.0
369.494785 0.0
369.498768 0.0
369.502746 0.0
369.506752 0.0
369.51078 0.0
369.521188 0.0
369.525238 0.0
369.52978 0.0
369.533814 0.0
369.537969 0.0
369.542132 0.0
369.546304 0.0
369.550641 0.0
369.554811 0.0
369.559752 0.0
369.567199 0.0
369.572736 0.0
369.577157 0.0
369.583214 0.0
369.588409 0.0
369.593983 0.0
369.598532 0.0
369.603963 0.0
369.613955 0.0
369.620582 0.0
369.624535 0.0
369.628683 0.0
369.633289 0.0
369.637967 0.0
369.642237 0.0
369.647066 0.0
369.652272 0.0
369.657655 0.0
369.662875 0.0
369.668252 0.0
369.673318 0.0
369.67855 0.0
369.683764 0.0
369.689081 0.0
369.694238 0.0
369.699461 0.0
369.704646 0.0
369.710204 0.0
369.715277 0.0
369.720572 0.0
369.72575 0.0
369.731159 0.0
369.736389 0.0
369.74175 0.0
369.747187 0.0
369.75242 0.0
369.757754 0.0
369.763351 0.0
369.773309 0.0
369.778104 0.0
369.782715 0.0
369.787233 0.0
369.792409 0.0
369.796938 0.0
369.802001 0.0
369.80631 0.0
369.811296 0.0
369.816387 0.0
369.821803 0.0
369.827332 0.0
369.831923 0.0
369.836744 0.0
369.841064 0.0
369.845812 0.0
369.850045 0.0
369.85475 0.0
369.859073 0.0
369.863644 0.0
369.868778 0.0
369.87468 0.0
369.878998 0.0
369.883151 0.0
369.887755 0.0
369.89191 0.0
369.896386 0.0
369.90042 0.0
369.90445 0.0
369.908639 0.0
369.91258 0.0
369.916906 0.0
369.920862 0.0
369.924925 0.0
369.929184 0.0
369.933202 0.0
369.937473 0.0
369.941501 0.0
369.94594 0.0
369.951831 0.0
369.955884 0.0
369.960217 0.0
369.964395 0.0
369.968559 0.0
369.972915 0.0
369.977467 0.0
369.982046 0.0
369.986064 0.0
369.990284 0.0
369.994883 0.0
369.999095 0.0
370.003421 0.0
370.007457 0.0
370.011918 0.0
370.016281 0.0
370.021793 0.0
370.027433 0.0
370.031847 0.0
370.03643 0.0
370.040671 0.0
370.045267 0.0
370.04928 0.0
370.053433 0.0
370.058424 0.0
370.062493 0.0
370.067558 0.0
370.071554 0.0
370.075871 0.0
370.079972 0.0
370.084069 0.0
370.088307 0.0
370.092376 0.0
370.096509 0.0
370.100597 0.0
370.104564 0.0
370.108813 0.0
370.112768 0.0
370.116889 0.0
370.120895 0.0
370.124915 0.0
370.129144 -0.03717028090305935
370.133231 -0.03717028090305935
370.137543 0.0
370.141538 0.0
370.145678 0.0
370.149912 0.0
370.153991 0.0
370.158235 0.11375313309469542
370.162394 0.11375313309469542
370.166428 0.11375313309469542
370.170612 0.11375313309469542
370.174733 0.11375313309469542
370.179457 0.13328313309469525
370.183857 0.13328313309469525
370.188153 0.13328313309469525
370.192437 0.13328313309469525
370.196442 0.13328313309469525
370.201161 0.1235131330946954
370.205458 0.1235131330946954
370.209919 0.1235131330946954
370.214169 0.1235131330946954
370.218245 0.1235131330946954
370.222633 0.08445313309469532
370.22709 0.08445313309469532
370.233377 0.08445313309469532
370.2398 0.08445313309469532
370.244774 0.06492313309469527
370.249513 0.06492313309469527
370.254546 0.01609313309469534
370.25864 0.01609313309469534
370.262974 0.01609313309469534
370.267024 0.01609313309469534
370.27122 0.01609313309469534
370.275486 -0.06158028090305939
370.279653 -0.06158028090305939
370.283748 -0.06158028090305939
370.287819 -0.06158028090305939
370.291967 -0.06158028090305939
370.296178 -0.14459028090305942
370.300187 -0.14459028090305942
370.304398 -0.14459028090305942
370.308488 -0.14459028090305942
370.312989 -0.14459028090305942
370.317221 -0.12994028090305937
370.321175 -0.12994028090305937
370.325639 -0.12994028090305937
370.329587 -0.12994028090305937
370.33375 -0.12994028090305937
370.337965 -0.09088028090305927
370.342193 -0.09088028090305927
370.346662 -0.07623028090305922
370.350601 -0.07623028090305922
370.354861 -0.07623028090305922
370.359043 -0.07623028090305922
370.363145 -0.07623028090305922
370.367656 -0.0176402809030593
370.371781 -0.0176402809030593
370.376102 -0.0176402809030593
370.38015 -0.0176402809030593
370.384749 -0.0176402809030593
370.389571 0.0
370.39402 0.0
370.398866 0.0
370.404308 0.0
370.409355 0.0
370.414328 0.0
370.419222 0.0
370.42375 0.0
370.428569 0.0
370.433299 0.0
370.438472 0.0
370.444123 0.0
370.451812 0.0
370.457887 0.0
370.464154 0.0
370.468167 0.0
370.472603 0.0
370.476721 0.0
370.481026 0.0
370.485254 0.0
370.489302 0.0
370.494036 0.0
370.498312 0.0
370.502915 0.0
370.507758 0.0
370.512372 0.0
370.516782 0.0
370.521167 0.0
370.525844 0.0
370.529805 0.0
370.534171 0.0
370.538451 0.0
370.542568 0.0
370.546908 0.0
370.550923 0.0
370.55537 0.0
370.559748 0.0
370.564095 0.0
370.568596 0.0
370.572591 0.0
370.576986 0.0
370.581491 0.0
370.587754 0.0
370.592303 0.0
370.597026 0.0
370.601406 0.0
370.605633 0.0
370.61012 0.0
370.614652 0.0
370.619424 0.0
370.629594 0.0
370.63386 0.0
370.638568 0.0
370.642952 0.0
370.647165 0.0
370.651506 0.0
370.655571 0.0
370.659835 0.0
370.664987 0.0
370.670445 0.0
370.675591 0.0
370.680137 0.0
370.684584 0.0
370.689284 0.0
370.693969 0.0
370.698453 0.0
370.702813 0.0
370.707045 0.0
370.71105 0.0
370.715364 0.0
370.719462 0.0
370.723649 0.0
370.727806 0.0
370.731869 0.0
370.736082 0.0
370.740277 0.0
370.744298 0.0
370.748546 0.0
370.752559 0.0
370.756848 0.0
370.761119 0.0
370.765295 0.0
370.769354 0.0
370.77331 0.0
370.777507 0.0
370.781655 0.0
370.785952 0.0
370.789989 0.0
370.794143 0.0
370.798201 0.0
370.802469 0.0
370.80671 0.0
370.810756 0.0
370.814955 0.0
370.819174 0.0
370.82366 0.0
370.828444 0.0
370.832479 0.0
370.836648 0.0
370.840524 0.0
370.844482 0.0
370.848521 0.0
370.852215 0.0
370.856141 0.0
370.85999 0.0
370.863621 0.0
370.869831 0.0
370.877781 0.0
370.881971 0.0
370.886127 0.0
370.890567 0.0
370.894675 0.0
370.899304 0.0
370.903379 0.0
370.907743 0.0
370.912004 0.0
370.916013 0.0
370.920732 0.0
370.924781 0.0
370.929459 0.0
370.933652 0.0
370.938425 0.0
370.943313 0.0
370.947928 0.0
370.952448 0.0
370.956593 0.0
370.961558 0.0
370.965545 0.0
370.969597 0.0
370.973892 0.0
370.977959 0.0
370.982234 0.0
370.986285 0.0
370.990275 0.0
370.994777 0.0
370.998801 0.0
371.003017 0.0
371.007034 0.0
371.011181 0.0
371.015515 0.0
371.019592 0.0
371.024278 0.0
371.028483 0.0
371.033481 0.0
371.037644 0.0
371.043217 0.0
371.048486 0.0
371.053227 0.0
371.058342 0.0
371.062668 0.0
371.067663 0.0
371.07252 0.0
371.077399 0.0
371.081583 0.0
371.085819 0.0
371.090114 0.0
371.094684 0.0
371.100225 0.0
371.105266 0.0
371.110302 0.0
371.114525 0.0
371.119038 0.0
371.123017 0.0
371.127319 0.0
371.131493 0.0
371.135545 0.0
371.139681 0.0
371.143831 0.0
371.147907 0.0
371.152183 0.0
371.156263 0.0
371.160528 0.0
371.164633 0.0
371.168837 0.0
371.17308 0.0
371.177058 0.0
371.181502 0.0
371.185499 0.0
371.189599 0.0
371.194024 0.0
371.19831 0.0
371.203008 0.0
371.207322 0.0
371.211614 0.0
371.21616 0.0
371.220441 0.0
371.224543 0.0
371.228729 0.0
371.233012 0.0
371.2372 0.0
371.241248 0.0
371.245595 0.0
371.249595 0.0
371.253817 0.0
371.258091 0.0
371.262756 0.0
371.267152 0.0
371.271181 0.0
371.275485 0.0
371.279972 0.0
371.284499 0.0
371.288683 0.0
371.292754 0.0
371.296987 0.0
371.30167 0.0
371.306941 0.0
371.312452 0.0
371.317068 0.0
371.321405 0.0
371.326962 0.0
371.331486 0.0
371.336156 0.0
371.340579 0.0
371.344873 0.0
371.349213 0.0
371.353912 0.0
371.358496 0.0
371.362963 0.0
371.367473 0.0
371.371918 0.0
371.376293 0.0
371.380839 0.0
371.385332 0.0
371.390074 0.0
371.394534 0.0
371.399256 0.0
371.403416 0.0
371.409397 0.0
371.415766 0.0
371.422353 0.0
371.428441 0.0
371.43451 0.0
371.440883 0.0
371.44574 0.0
371.450428 0.0
371.454612 0.0
371.458771 0.0
371.462978 0.0
371.467819 0.0
371.472719 0.0
371.477627 0.0
371.48275 0.0
371.487322 0.0
371.491852 0.0
371.496541 0.0
371.501547 0.0
371.506879 0.0
371.512666 0.0
371.517849 0.0
371.524168 0.0
371.529337 0.0
371.53503 0.0
371.53897 0.0
371.542622 0.0
371.547592 0.0
371.551603 0.0
371.555652 0.0
371.559886 0.0
371.563879 0.0
371.568252 0.0
371.572304 0.0
371.57636 0.0
371.580549 0.0
371.584577 0.0
371.588991 0.0
371.593678 0.0
371.598136 0.0
371.602361 0.0
371.606373 0.0
371.610668 0.0
371.614836 0.0
371.619142 0.0
371.623231 0.0
371.627236 0.0
371.631356 0.0
371.635479 0.0
371.639859 0.0
371.644007 0.0
371.64793 0.0
371.652151 0.0
371.656168 0.0
371.660623 0.0
371.664789 0.0
371.66895 0.0
371.673249 0.0
371.67726 0.0
371.681494 0.0
371.685717 0.0
371.690133 0.0
371.701414 0.0
371.705405 0.0
371.709978 0.0
371.714339 0.0
371.718519 0.0
371.722756 0.0
371.726815 0.0
371.731416 0.0
371.73659 0.0
371.742517 0.0
371.747451 0.0
371.751998 0.0
371.756675 0.0
371.761001 0.0
371.765868 0.0
371.769896 0.0
371.774286 0.0
371.778284 0.0
371.782236 0.0
371.786676 0.0
371.790711 0.0
371.795161 -0.007870280903059244
371.799179 -0.007870280903059244
371.803231 -0.007870280903059244
371.807544 0.0
371.811661 0.0
371.815913 0.0
371.819995 0.0
371.823945 0.0
371.828366 0.0
371.832382 0.0
371.836781 0.0
371.840879 0.0
371.844954 0.0
371.849552 0.0
371.853581 0.0
371.857751 0.0
371.861995 0.0
371.865986 0.0
371.870458 0.0
371.874416 0.0
371.878453 0.0
371.882663 0.0
371.886647 0.0
371.890966 0.0
371.895254 0.0
371.900025 0.0
371.904445 0.0
371.908796 0.0
371.912792 0.0
371.917037 0.0
371.921742 0.0
371.926205 0.0
371.930567 0.0
371.934708 0.0
371.938665 0.0
371.942992 0.0
371.947296 0.0
371.952171 0.0
371.957186 0.0
371.961522 0.0
371.965495 0.0
371.969594 0.0
371.97379 0.0
371.977841 0.0
371.982145 0.0
371.986106 0.0
371.990145 0.0
371.994212 0.0
371.998371 0.0
372.002497 0.0
372.006559 0.0
372.010544 0.0
372.014739 0.0
372.018859 0.0
372.023255 0.0
372.027215 0.0
372.031255 0.0
372.035308 0.0
372.039425 0.0
372.043556 0.0
372.047596 0.0
372.051641 0.0
372.055907 0.0
372.060028 0.0
372.064166 0.011213133094695347
372.06821 0.011213133094695347
372.072284 0.011213133094695347
372.076545 0.0
372.080533 0.0
372.084743 0.0
372.088737 0.0
372.092857 0.0
372.097213 -0.022520280903059294
372.101263 -0.022520280903059294
372.105442 -0.022520280903059294
372.110157 -0.022520280903059294
372.114496 -0.022520280903059294
372.118864 -0.022520280903059294
372.122964 -0.022520280903059294
372.127522 -0.022520280903059294
372.131654 -0.022520280903059294
372.136052 -0.027400280903059293
372.140271 -0.027400280903059293
372.14471 -0.027400280903059293
372.14977 -0.027400280903059293
372.154597 -0.027400280903059293
372.160883 -0.0518202809030594
372.165369 -0.0518202809030594
372.170174 -0.0518202809030594
372.174467 -0.0518202809030594
372.179134 -0.03228028090305929
372.183261 -0.03228028090305929
372.187583 -0.03228028090305929
372.192152 0.0
372.196414 0.0
372.200832 0.0
372.205019 0.0
372.209889 0.0
372.215764 0.0
372.221647 0.0
372.227462 0.0
372.246352 0.011213133094695347
372.250532 0.011213133094695347
372.255083 0.011213133094695347
372.259835 0.011213133094695347
372.265017 0.011213133094695347
372.270315 0.0
372.275294 0.0
372.280761 0.0
372.285892 0.0
372.291299 0.0
372.296306 0.0
372.301815 0.0
372.306845 0.0
372.313006 0.0
372.319626 0.0
372.32554 0.0
372.331233 0.0
372.336923 0.0
372.343214 0.01609313309469534
372.348363 0.01609313309469534
372.353852 0.01609313309469534
372.359676 0.01609313309469534
372.366357 0.011213133094695347
372.372468 0.011213133094695347
372.377816 0.011213133094695347
372.38361 0.0
372.388772 0.0
372.394081 0.0
372.399039 0.0
372.403856 0.0
372.408 0.0
372.412008 0.0
372.41621 0.0
372.420209 0.0
372.424896 0.0
372.42964 0.0
372.434891 0.0
372.440512 0.0
372.444985 0.0
372.449394 0.0
372.453507 0.0
372.458019 0.0
372.462126 0.0
372.466092 0.0
372.470501 0.0
372.474584 0.0
372.478906 0.0
372.483039 0.0
372.487008 0.0
372.491198 0.0
372.495337 0.0
372.50018 0.0
372.504465 0.0
372.509133 0.0
372.513659 0.0
372.517971 0.0
372.522496 0.0
372.526863 0.0
372.531491 0.0
372.535551 0.0
372.539809 0.0
372.544236 0.0
372.54857 0.0
372.553262 0.0
372.557291 0.0
372.561578 0.0
372.567059 0.0
372.573377 0.0
372.578562 0.0
372.583639 0.0
372.588195 0.0
372.592389 0.0
372.596644 0.0
372.600768 0.0
372.605618 0.0
372.609965 0.0
372.614361 0.0
372.618407 0.0
372.622493 0.0
372.626923 0.0
372.631198 0.0
372.63547 0.0
372.639652 0.0
372.643904 0.0
372.648333 0.0
372.652507 0.0
372.656604 0.0
372.660587 0.0
372.664562 0.0
372.66877 0.0
372.672758 0.0
372.676881 0.0
372.680862 0.0
372.684814 0.0
372.689153 0.0
372.693148 0.0
372.697245 0.0
372.701222 0.0
372.705231 0.0
372.709805 0.0
372.713856 0.0
372.718127 0.0
372.722155 0.0
372.726197 0.0
372.733214 0.0
372.736862 0.0
372.741604 0.0
372.747178 0.0
372.752548 0.0
372.75714 0.0
372.761626 0.0
372.765994 0.0
372.770772 0.0
372.77529 0.0
372.779851 0.0
372.784103 0.0
372.788303 0.0
372.793166 0.0
372.797775 0.0
372.802943 0.0
372.807469 0.0
372.812092 0.0
372.817399 0.0
372.82265 0.0
372.827739 0.0
372.832803 0.0
372.837805 0.0
372.843158 0.0
372.848284 0.0
372.853518 0.0
372.858747 0.0
372.864131 0.0
372.869286 0.0
372.874591 0.0
372.87975 0.0
372.884897 0.0
372.890084 0.0
372.895397 0.0
372.900555 0.0
372.905747 0.0
372.910807 0.0
372.916161 0.0
372.921254 0.0
372.926387 0.0
372.931539 0.0
372.936849 0.0
372.941869 0.0
372.946804 0.0
372.951637 0.0
372.956589 0.0
372.961036 0.0
372.965437 0.0
372.96996 0.0
372.974031 0.0
372.97818 0.0
372.982217 0.0
372.986228 0.0
372.991224 0.0
372.996296 0.0
373.001481 0.0
373.006166 0.0
373.010565 0.0
373.015216 0.0
373.019522 0.0
373.024024 0.0
373.029881 0.0
373.03432 0.0
373.038821 0.0
373.043007 0.0
373.047186 0.0
373.051751 0.0
373.056013 0.0
373.060519 0.0
373.064843 0.0
373.069203 0.0
373.073427 0.0
373.077562 0.0
373.082015 0.0
373.086158 0.0
373.090389 0.0
373.09457 0.0
373.098747 0.0
373.103156 0.0
373.107325 0.0
373.111608 0.0
373.115797 0.0
373.119991 0.0
373.124793 0.0
373.129816 0.0
373.135038 0.0
373.140246 0.0
373.145666 0.0
373.151293 0.0
373.157294 0.0
373.162876 0.0
373.168249 0.0
373.174207 0.0
373.17975 0.0
373.185083 0.0
373.190288 0.0
373.196116 0.0
373.202115 0.0
373.20879 0.0
373.214829 0.0
373.220333 0.0
373.22553 0.0
373.230832 0.0
373.237139 0.0
373.24152 0.0
373.24548 0.0
373.249577 0.0
373.253659 0.0
373.257781 0.0
373.261957 0.0
373.26599 0.0
373.270113 0.0
373.274252 0.0
373.27831 0.0
373.282472 0.0
373.286428 0.0
373.290634 0.0
373.294752 0.0
373.298711 0.0
373.302773 0.0
373.306807 0.0
373.31091 0.0
373.315243 0.0
373.319165 0.0
373.323132 0.0
373.327562 0.0
373.331868 0.0
373.33599 0.0
373.339972 0.0
373.34408 0.0
373.348198 0.0
373.352678 0.0
373.356887 0.0
373.361094 0.0
373.37241 -0.0176402809030593
373.380154 -0.0176402809030593
373.388544 -0.07623028090305922
373.395183 -0.07623028090305922
373.399441 -0.07623028090305922
373.404289 -0.07623028090305922
373.409663 -0.07623028090305922
373.415591 0.06492313309469527
373.42018 0.06492313309469527
373.427797 0.1967531330946954
373.433873 0.1967531330946954
373.440536 0.1967531330946954
373.445685 0.07468313309469526
373.449873 0.07468313309469526
373.453989 0.07468313309469526
373.45815 0.07468313309469526
373.462266 0.025863133094695397
373.466459 0.025863133094695397
373.470567 0.025863133094695397
373.474677 0.025863133094695397
373.478763 0.025863133094695397
373.484637 0.04050313309469539
373.491019 0.04050313309469539
373.497119 0.04050313309469539
373.501523 0.04050313309469539
373.506325 0.05515313309469544
373.512034 0.05515313309469544
373.515668 0.05515313309469544
373.519188 0.05515313309469544
373.522992 0.05515313309469544
373.526767 0.01609313309469534
373.530319 0.01609313309469534
373.534114 0.01609313309469534
373.537756 -0.10064028090305926
373.541395 -0.10064028090305926
373.545168 -0.10064028090305926
373.548894 -0.10064028090305926
373.552494 -0.10064028090305926
373.556765 -0.10553028090305933
373.560332 -0.10553028090305933
373.564529 -0.10553028090305933
373.568443 -0.10553028090305933
373.57249 -0.10553028090305933
373.57636 -0.10553028090305933
373.580459 -0.07135028090305923
373.585536 -0.07135028090305923
373.589645 -0.07135028090305923
373.59333 -0.07135028090305923
373.597139 -0.07135028090305923
373.60096 -0.0518202809030594
373.60503 -0.0518202809030594
373.610425 -0.0518202809030594
373.614596 -0.0518202809030594
373.61907 -0.04693028090305934
373.623223 -0.04693028090305934
373.627277 -0.04693028090305934
373.632322 0.0
373.637222 0.0
373.645635 0.0
373.651303 0.0
373.656734 0.0
373.662096 0.0
373.667292 0.0
373.672809 0.0
373.678208 0.0
373.683374 0.0
373.688674 0.0
373.694198 -0.007870280903059244
373.699581 -0.007870280903059244
373.704884 -0.007870280903059244
373.710212 -0.007870280903059244
373.715605 0.0
373.720799 0.0
373.726146 0.0
373.730115 0.0
373.734498 0.0
373.738464 0.0
373.742445 0.0
373.746631 0.0
373.750609 0.0
373.754919 0.0
373.758844 0.0
373.762917 0.0
373.76722 0.0
373.771485 0.0
373.775743 0.0
373.779907 0.0
373.784032 0.0
373.788396 0.0
373.792478 0.0
373.796629 0.0
373.801994 0.0
373.809307 0.020973133094695336
373.814154 0.020973133094695336
373.818973 0.020973133094695336
373.824657 0.020973133094695336
373.830063 0.0
373.835041 0.0
373.839612 0.0
373.844257 0.0
373.853124 0.0
373.8614 0.011213133094695347
373.865086 0.011213133094695347
373.868966 0.011213133094695347
373.87374 0.011213133094695347
373.878231 0.011213133094695347
373.882798 0.0
373.887159 0.0
373.891551 0.0
373.896147 0.0
373.900573 0.0
373.90537 0.0
373.909773 0.0
373.91515 0.0
373.920256 0.0
373.925666 0.0
373.930842 0.0
373.936224 0.0
373.9413 0.0
373.946546 0.0
373.951788 0.0
373.957203 0.0
373.96228 0.0
373.96747 0.0
373.972972 0.0
373.978582 0.0
373.983777 0.0
373.988904 0.0
373.99431 0.0
373.999747 0.0
374.005192 0.0
374.011153 0.0
374.016973 0.0
374.022228 0.0
374.029727 0.0
374.035861 0.0
374.040494 -0.007870280903059244
374.04535 -0.007870280903059244
374.050847 0.0
374.057162 0.0
374.067665 0.0
374.073998 0.0
374.079754 0.0
374.085195 0.0
374.090369 0.0
374.095785 0.0
374.100962 0.0
374.106357 0.0
374.111456 0.0
374.116793 0.0
374.122087 0.0
374.127631 0.0
374.132781 0.0
374.138166 0.0
374.143333 0.0
374.148741 0.0
374.153855 0.0
374.158885 0.0
374.164243 0.0
374.169746 0.0
374.174882 0.0
374.180322 0.0
374.185614 0.0
374.190751 0.0
374.196193 0.0
374.201345 0.0
374.20679 0.0
374.211889 0.0
374.217412 0.0
374.223283 0.0
374.22867 0.0
374.234244 0.0
374.240083 0.0
374.24538 0.0
374.250654 0.0
374.256208 0.0
374.263017 0.0
374.270221 0.0
374.275747 0.0
374.281191 0.0
374.285284 0.0
374.28921 0.0
374.293669 0.0
374.297768 0.0
374.302144 0.0
374.306207 0.0
374.310206 0.0
374.314986 0.0
374.318978 0.0
374.323298 0.0
374.327493 0.0
374.333029 0.0
374.337536 0.0
374.341141 0.0
374.345259 0.0
374.348942 0.0
374.352809 0.0
374.356716 0.0
374.3608 0.0
374.364557 0.0
374.368271 0.0
374.37187 0.0
374.375994 0.0
374.379631 0.0
374.383199 0.0
374.38713 0.0
374.390725 0.0
374.394617 0.0
374.398442 0.0
374.40205 0.0
374.405744 0.0
374.409587 0.0
374.413284 0.0
374.41732 0.0
374.420974 0.0
374.424734 0.0
374.42872 0.0
374.435302 0.0
374.443856 0.0
374.448999 0.0
374.453453 0.0
374.458823 0.0
374.466194 0.0
374.47266 0.0
374.478074 0.0
374.483402 0.0
374.488103 0.0
374.494312 0.0
374.504095 0.0
374.508845 0.0
374.513456 0.0
374.517898 0.0
374.523889 0.0
374.529193 0.0
374.534082 0.0
374.539812 0.0
374.54545 0.0
374.551391 0.0
374.561208 0.0
374.565964 0.0
374.57005 0.0
374.57464 0.0
374.578781 0.0
374.583313 0.0
374.587594 0.0
374.591551 0.0
374.595764 0.0
374.599826 0.0
374.603986 0.0
374.60801 0.0
374.611957 0.0
374.617558 0.0
374.622781 0.0
374.628257 0.0
374.633254 0.0
374.637812 0.0
374.641787 0.0
374.646093 0.0
374.650078 0.0
374.65423 0.0
374.658519 0.0
374.662851 0.0
374.6676 0.0
374.671744 0.0
374.675761 0.0
374.680525 0.0
374.684744 0.0
374.689288 0.0
374.693389 0.0
374.697635 0.0
374.702179 0.0
374.712924 0.0
374.720005 0.0
374.726021 0.0
374.732336 0.0
374.738363 0.0
374.743723 0.0
374.747824 0.0
374.752175 0.0
374.756427 0.0
374.761006 0.0
374.765485 0.0
374.769976 0.0
374.774163 0.0
374.778213 0.0
374.782493 0.0
374.786682 0.0
374.790886 0.0
374.795074 0.0
374.799054 0.0
374.803189 0.0
374.807287 0.0
374.811512 0.0
374.815611 0.0
374.819597 0.0
374.823748 0.0
374.827801 0.0
374.831994 0.0
374.836262 0.0
374.840388 0.0
374.844565 0.0
374.848774 0.0
374.852767 0.0
374.857201 0.0
374.861206 0.0
374.865409 0.0
374.869571 0.0
374.874496 0.0
374.87905 0.0
374.88356 0.0
374.887985 -0.007870280903059244
374.89216 -0.007870280903059244
374.896626 -0.007870280903059244
374.901158 -0.007870280903059244
374.905384 -0.007870280903059244
374.909747 0.0
374.913828 0.0
374.917907 0.0
374.922213 0.0
374.926437 0.0
374.933273 0.0
374.939517 0.0
374.944831 0.0
374.950285 0.0
374.955749 0.0
374.961088 0.0
374.966393 0.0
374.971627 0.0
374.97695 0.0
374.982659 0.0
374.988206 0.0
374.993488 0.0
374.998979 0.0
375.00433 0.025863133094695397
375.009739 0.025863133094695397
375.014889 0.025863133094695397
375.020357 0.025863133094695397
375.025766 0.0
375.030984 0.0
375.036287 0.0
375.041801 0.0
375.047257 0.0
375.052438 0.0
375.05786 0.0
375.063232 -0.03228028090305929
375.068478 -0.03228028090305929
375.073867 -0.0567002809030594
375.079406 -0.0567002809030594
375.08549 -0.0567002809030594
375.091352 -0.0567002809030594
375.096104 -0.03228028090305929
375.101249 -0.03228028090305929
375.106103 -0.03228028090305929
375.110591 -0.03228028090305929
375.114815 -0.007870280903059244
375.118959 -0.007870280903059244
375.123482 -0.007870280903059244
375.128623 -0.007870280903059244
375.133939 -0.007870280903059244
375.13941 0.0
375.143681 0.0
375.148761 0.0
375.153029 0.0
375.157773 0.0
375.16208 0.0
375.166477 0.0
375.171072 0.0
375.175297 0.0
375.180033 0.0
375.184215 0.0
375.188783 0.0
375.193027 0.0
375.197354 0.0
375.20181 0.0
375.206136 0.0
375.211049 0.0
375.216242 0.0
375.221644 0.0
375.226737 0.0
375.232255 0.0
375.237257 0.0
375.242646 0.0
375.247834 0.0
375.253322 0.0
375.258347 0.0
375.263797 0.0
375.268825 0.0
375.274332 0.0
375.279644 0.0
375.285964 0.0
375.29215 0.0
375.297589 0.0
375.303177 0.0
375.310199 0.0
375.317314 0.0
375.32259 0.0
375.327902 0.0
375.332216 0.0
375.337248 0.0
375.342329 0.0
375.348028 0.0
375.352275 0.0
375.356868 0.0
375.361194 0.0
375.365597 0.0
375.369867 0.0
375.3742 0.0
375.378907 0.0
375.382946 0.0
375.38728 0.0
375.391433 0.0
375.395552 0.0
375.39976 0.0
375.403867 0.0
375.408105 0.0
375.412265 0.0
375.416505 0.0
375.420649 0.0
375.424741 0.0
375.428749 0.0
375.433006 0.0
375.437162 0.0
375.441235 0.0
375.445359 0.0
375.449353 0.0
375.453464 0.0
375.457622 0.0
375.46208 0.0
375.46631 0.0
375.470548 0.0
375.474664 0.0
375.478983 0.0
375.483212 0.0
375.487562 0.0
375.491867 0.0
375.496071 0.0
375.500323 0.0
375.504673 0.0
375.50974 0.0
375.514208 0.0
375.518747 0.0
375.523622 0.0
375.528579 0.0
375.533477 0.0
375.538115 0.0
375.542629 0.0
375.54778 0.0
375.552761 0.0
375.55852 0.0
375.563025 0.0
375.567524 0.0
375.572154 0.0
375.576624 0.0
375.580876 0.0
375.585017 0.0
375.589154 0.0
375.593411 0.0
375.597591 0.0
375.601814 0.0
375.60608 0.0
375.610065 0.0
375.614371 0.0
375.618747 0.0
375.622538 0.0
375.627068 0.0
375.631014 0.0
375.635119 0.0
375.639226 0.0
375.643258 0.0
375.647509 0.0
375.651473 0.0
375.655563 0.0
375.659674 0.0
375.66366 0.0
375.668172 0.0
375.672151 0.0
375.681669 0.0
375.685909 0.0
375.690009 0.0
375.694146 0.0
375.698304 0.0
375.702633 0.0
375.706679 0.0
375.710792 0.0
375.715106 0.0
375.719824 0.0
375.724456 0.0
375.728819 0.0
375.732776 0.0
375.736905 0.0
375.741341 0.0
375.745988 0.0
375.750262 0.0
375.754502 0.0
375.758484 0.0
375.762657 0.0
375.766798 0.0
375.771465 0.0
375.779604 0.0
375.786062 0.0
375.790026 0.0
375.794363 0.0
375.798736 0.0
375.802718 0.0
375.807471 0.0
375.811455 0.0
375.816221 0.0
375.820274 0.0
375.824366 0.0
375.828821 0.0
375.833053 0.0
375.838071 0.0
375.842334 0.0
375.84686 0.0
375.851632 0.0
375.855839 0.0
375.860481 0.0
375.865421 0.0
375.871291 0.0
375.876289 0.0
375.88117 0.0
375.885467 0.0
375.890579 0.0
375.894836 0.0
375.899038 0.0
375.90329 0.0
375.907391 0.0
375.911891 0.0
375.915875 0.0
375.919896 0.0
375.924014 0.0
375.928139 0.0
375.93251 0.0
375.936616 0.0
375.941144 0.0
375.946024 0.0
375.950003 0.0
375.954457 0.0
375.958714 0.0
375.963221 0.0
375.967428 0.0
375.971521 0.0
375.975753 0.0
375.980275 0.0
375.985669 0.0
375.991057 0.0
375.996629 0.0
376.000884 0.0
376.005744 0.0
376.009748 0.0
376.013836 0.0
376.018075 0.0
376.022159 0.0
376.026556 0.0
376.030607 0.0
376.034789 0.0
376.039053 0.0
376.043092 0.0
376.06027 0.0
376.064281 0.0
376.068774 0.0
376.072765 0.0
376.076762 0.0
376.081101 0.0
376.085135 0.0
376.089764 0.0
376.09377 0.0
376.097736 0.0
376.102412 0.0
376.10638 0.0
376.110521 0.0
376.114637 0.0
376.118728 0.0
376.123079 0.0
376.127081 0.0
376.131103 0.0
376.134969 0.0
376.138553 0.0
376.14305 -0.007870280903059244
376.148018 -0.007870280903059244
376.154124 -0.007870280903059244
376.159291 -0.007870280903059244
376.165224 -0.042050280903059345
376.171054 -0.042050280903059345
376.176894 -0.042050280903059345
376.182382 0.0
376.187819 0.0
376.194108 0.08933313309469532
376.199759 0.08933313309469532
376.204783 0.08933313309469532
376.208985 0.08933313309469532
376.213446 0.08933313309469532
376.217632 0.08933313309469532
376.221818 0.08933313309469532
376.225832 0.08933313309469532
376.229993 0.08933313309469532
376.23421 0.09910313309469537
376.238282 0.09910313309469537
376.242302 0.09910313309469537
376.246363 0.09910313309469537
376.250522 0.09910313309469537
376.254724 0.07468313309469526
376.258757 0.07468313309469526
376.262881 0.07468313309469526
376.266907 0.07468313309469526
376.271053 0.07468313309469526
376.275275 0.050273133094695444
376.279287 0.050273133094695444
376.28351 0.050273133094695444
376.287752 0.0
376.291988 0.0
376.296039 0.0
376.300007 0.0
376.304055 0.0
376.308249 0.0
376.312398 0.0
376.316883 -0.08600028090305928
376.320873 -0.08600028090305928
376.325128 -0.08600028090305928
376.329387 -0.10064028090305926
376.333595 -0.10064028090305926
376.337756 -0.10064028090305926
376.34175 -0.10064028090305926
376.345941 -0.10064028090305926
376.350174 -0.10064028090305926
376.35465 -0.10064028090305926
376.359216 -0.10064028090305926
376.363302 -0.10064028090305926
376.367434 -0.10064028090305926
376.371948 -0.07623028090305922
376.376305 -0.07623028090305922
376.380567 -0.07623028090305922
376.384606 -0.07623028090305922
376.388771 -0.07623028090305922
376.393185 -0.0518202809030594
376.397775 -0.0518202809030594
376.40285 -0.0518202809030594
376.408188 -0.0518202809030594
376.412745 0.0
376.417218 0.0
376.421969 0.0
376.426061 0.0
376.430198 0.0
376.434769 0.0
376.438879 0.0
376.44318 0.0
376.447549 0.0
376.451734 0.0
376.455742 0.0
376.459775 0.0
376.464278 0.0
376.468636 0.0
376.473224 0.0
376.477554 0.0
376.481766 0.0
376.485983 0.0
376.489906 0.0
376.494174 0.0
376.498227 0.0
376.50179 0.0
376.505843 0.0
376.512902 0.0
376.517141 0.0
376.52108 0.0
376.527868 0.0
376.532001 0.0
376.536602 0.0
376.541247 0.0
376.54621 0.0
376.550429 0.0
376.554512 0.0
376.558948 0.0
376.562881 0.0
376.567301 0.0
376.572768 0.0
376.577756 0.01609313309469534
376.581961 0.01609313309469534
376.586863 0.01609313309469534
376.591112 0.01609313309469534
376.595481 0.01609313309469534
376.600477 0.0
376.604574 0.0
376.608764 0.0
376.61281 0.0
376.616743 0.0
376.621389 0.0
376.627496 0.0
376.634633 0.0
376.640194 0.025863133094695397
376.645487 0.025863133094695397
376.651035 0.0
376.656272 0.0
376.661515 0.0
376.66687 0.0
376.672202 -0.0176402809030593
376.677446 -0.0176402809030593
376.68284 -0.0176402809030593
376.687833 -0.0176402809030593
376.692173 0.0
376.696322 0.0
376.700466 0.0
376.704908 0.0
376.708872 0.0
376.713602 0.0
376.718768 0.0
376.723962 0.0
376.729258 0.0
376.73468 0.0
376.739882 0.0
376.745354 0.0
376.751129 0.0
376.757258 0.0
376.762376 0.0
376.7674 0.0
376.772719 0.0
376.777336 0.0
376.78261 0.0
376.788031 0.0
376.795264 0.0
376.803926 0.0
376.811317 0.0
376.818608 0.0
376.825626 0.0
376.832155 0.0
376.841947 0.0
376.850759 0.0
376.855368 0.0
376.860619 0.0
376.864929 0.0
376.869764 0.0
376.874125 0.0
376.87896 0.0
376.883281 0.0
376.887774 0.0
376.893541 0.0
376.898172 0.0
376.903158 0.0
376.907335 0.0
376.911511 0.0
376.916023 -0.01275028090305924
376.920219 -0.01275028090305924
376.924504 -0.01275028090305924
376.928625 -0.01275028090305924
376.933036 -0.01275028090305924
376.937246 -0.01275028090305924
376.94224 -0.01275028090305924
376.947327 -0.01275028090305924
376.952387 -0.01275028090305924
376.957811 0.01609313309469534
376.962885 0.01609313309469534
376.968251 0.01609313309469534
376.973551 0.01609313309469534
376.978446 0.0
376.98261 0.0
376.987279 0.0
376.992558 0.0
376.998058 -0.007870280903059244
377.003325 -0.007870280903059244
377.00942 -0.007870280903059244
377.015292 0.0
377.020614 0.0
377.026156 0.0
377.031994 0.0
377.03764 0.0
377.042871 0.0
377.048258 0.0
377.05674 0.0
377.065057 0.0
377.07084 0.0
377.076371 0.0
377.082212 0.0
377.087682 0.0
377.093128 0.0
377.098613 0.0
377.104071 0.0
377.109502 0.0
377.113818 0.0
377.120282 0.0
377.126343 0.0
377.130731 0.0
377.135049 0.0
377.139205 0.0
377.143414 0.0
377.148744 0.0
377.154147 0.0
377.158261 0.0
377.16238 0.0
377.166364 0.0
377.170303 0.0
377.174419 0.0
377.178463 0.0
377.182831 0.0
377.186797 0.0
377.190841 0.0
377.196182 0.0
377.200476 0.0
377.210869 0.0
377.214976 0.0
377.219346 0.0
377.223531 0.0
377.229336 0.0
377.237821 0.0
377.244036 0.0
377.25175 0.0
377.257114 0.0
377.261662 0.0
377.26603 0.0
377.270548 0.0
377.275554 0.0
377.281269 0.0
377.28725 0.0
377.293983 0.0
377.298188 0.0
377.302456 0.0
377.30655 0.0
377.31059 0.0
377.315094 0.0
377.319241 0.0
377.323322 0.0
377.327551 0.0
377.331167 0.0
377.335395 0.0
377.339507 0.0
377.343686 0.0
377.347841 0.0
377.351885 0.0
377.356099 0.0
377.360355 0.0
377.364251 0.0
377.368581 0.0
377.372684 0.0
377.376989 0.0
377.381253 0.0
377.386164 0.0
377.390175 0.0
377.394166 0.0
377.398383 0.0
377.402347 0.0
377.40655 0.0
377.410667 0.0
377.414829 0.0
377.419218 0.0
377.423404 0.0
377.427785 -0.007870280903059244
377.432184 -0.007870280903059244
377.436295 -0.007870280903059244
377.440623 -0.007870280903059244
377.445274 -0.007870280903059244
377.452727 0.0
377.458548 0.0
377.463802 0.0
377.468174 0.0
377.473294 0.0
377.477534 0.0
377.481678 0.0
377.487122 0.0
377.493935 0.0
377.504519 0.0
377.51297 0.0
377.517678 0.0
377.521861 0.0
377.527185 0.0
377.531152 0.0
377.535285 0.0
377.539761 0.0
377.544108 0.0
377.549742 0.0
377.555126 0.0
377.560727 0.0
377.566256 0.0
377.571544 0.0
377.576957 0.0
377.582266 0.0
377.587667 0.0
377.592851 0.0
377.598267 0.0
377.603497 0.0
377.60885 0.0
377.614108 0.0
377.619195 0.0
377.624636 0.0
377.629884 0.0
377.635497 0.0
377.63961 0.011213133094695347
377.643649 0.011213133094695347
377.647871 0.011213133094695347
377.652005 0.011213133094695347
377.65613 0.011213133094695347
377.660388 0.04539313309469545
377.664584 0.04539313309469545
377.669413 0.04539313309469545
377.673419 0.04539313309469545
377.677618 0.04539313309469545
377.682291 0.0
377.686437 0.0
377.690799 0.0
377.694898 0.0
377.699022 0.0
377.703255 0.0
377.70747 0.0
377.712633 0.0
377.717734 0.0
377.722986 0.0
377.727174 0.0
377.731717 -0.04693028090305934
377.735824 -0.04693028090305934
377.740023 -0.04693028090305934
377.744241 -0.04693028090305934
377.748288 -0.04693028090305934
377.752773 -0.07135028090305923
377.756762 -0.07135028090305923
377.7608 -0.07135028090305923
377.765018 -0.07135028090305923
377.769078 -0.07135028090305923
377.773554 -0.08111028090305922
377.777606 -0.08111028090305922
377.781585 -0.08111028090305922
377.786068 -0.08111028090305922
377.790025 -0.08111028090305922
377.794373 -0.0176402809030593
377.798414 -0.0176402809030593
377.804025 -0.0176402809030593
377.809237 -0.0176402809030593
377.814619 0.0
377.819831 0.0
377.825246 0.0
377.830373 0.0
377.835661 0.01609313309469534
377.840141 0.01609313309469534
377.845308 0.01609313309469534
377.85083 0.020973133094695336
377.856289 0.020973133094695336
377.861732 0.020973133094695336
377.867068 0.011213133094695347
377.872295 0.011213133094695347
377.878117 0.011213133094695347
377.884145 0.011213133094695347
377.890004 0.0
377.895254 0.0
377.901727 0.0
377.907277 0.0
377.913197 0.0
377.917942 0.0
377.92344 0.0
377.929533 0.0
377.935955 0.0
377.941777 0.01609313309469534
377.947159 0.01609313309469534
377.952772 0.01609313309469534
377.958238 0.01609313309469534
377.963796 0.0
377.968836 0.0
377.974221 0.0
377.979297 0.0
377.98383 0.0
377.988028 0.0
377.992023 0.0
377.996204 0.0
378.000319 0.0
378.004475 0.0
378.00864 0.0
378.012618 0.0
378.016789 0.0
378.020782 0.0
378.024897 0.0
378.029089 0.0
378.033145 0.0
378.037239 0.0
378.041269 0.0
378.045482 0.0
378.049546 0.0
378.053719 0.0
378.057643 0.0
378.061837 0.0
378.065973 0.0
378.070022 0.0
378.074398 0.0
378.078357 0.0
378.082474 0.0
378.086646 0.0
378.090848 0.0
378.095716 0.0
378.1008 0.0
378.105385 0.0
378.109571 0.0
378.114196 0.0
378.118604 0.0
378.122907 0.0
378.12708 0.0
378.131123 0.0
378.135371 0.0
378.140187 0.0
378.145375 0.0
378.150481 0.0
378.155027 0.0
378.159773 0.0
378.164137 0.0
378.16886 0.0
378.173113 0.0
378.177433 0.0
378.181822 0.0
378.186198 0.0
378.190854 0.0
378.195134 0.0
378.199666 0.0
378.203658 0.0
378.207815 0.0
378.212099 0.0
378.216146 0.0
378.220435 0.0
378.22438 0.0
378.22859 0.0
378.232787 0.0
378.236681 0.0
378.241091 0.0
378.245123 0.0
378.249197 0.0
378.253538 0.0
378.257548 0.0
378.261911 0.0
378.265957 0.0
378.270069 0.0
378.274252 0.0
378.278296 0.0
378.282472 0.0
378.286993 0.0
378.291551 0.0
378.295971 0.0
378.30026 0.0
378.305522 0.0
378.310463 0.0
378.315665 0.0
378.319964 0.0
378.324142 0.0
378.336399 0.0
378.34125 0.0
378.345852 0.0
378.350409 0.0
378.354872 0.0
378.360461 0.0
378.365642 0.0
378.370824 0.0
378.375021 0.0
378.379553 0.0
378.383613 0.0
378.387804 0.0
378.39196 0.0
378.395995 0.0
378.400258 0.0
378.40447 0.0
378.408478 0.0
378.412774 0.0
378.416802 0.0
378.421634 0.0
378.425761 0.0
378.430171 0.0
378.434411 0.0
378.438482 0.0
378.442891 0.0
378.446969 0.0
378.451046 0.0
378.45538 0.0
378.459313 0.0
378.463738 0.0
378.467673 0.0
378.471816 0.0
378.476122 0.0
378.480131 0.0
378.484517 0.0
378.488516 0.0
378.492715 0.0
378.497086 0.0
378.501427 0.0
378.506742 0.0
378.511256 0.0
378.516095 0.0
378.520425 0.0
378.525239 0.0
378.530224 0.0
378.534756 0.0
378.539354 0.0
378.544044 0.0
378.549981 0.0
378.555999 0.0
378.562812 0.0
378.567759 0.0
378.575783 0.0
378.58531 0.0
378.591971 0.0
378.598267 0.0
378.604542 0.0
378.610761 0.0
378.616652 0.0
378.622721 0.0
378.628847 0.0
378.635254 0.0
378.641577 0.0
378.647966 0.0
378.654641 0.0
378.661247 0.0
378.667002 0.0
378.673149 -0.007870280903059244
378.678842 -0.007870280903059244
378.684906 -0.0176402809030593
378.690801 -0.0176402809030593
378.69664 -0.0176402809030593
378.702659 -0.007870280903059244
378.708864 -0.007870280903059244
378.715228 -0.007870280903059244
378.721511 0.050273133094695444
378.727663 0.050273133094695444
378.734172 0.050273133094695444
378.738203 0.050273133094695444
378.742468 0.10886313309469536
378.746668 0.10886313309469536
378.750901 0.10886313309469536
378.75525 0.10886313309469536
378.759794 0.10886313309469536
378.764762 0.08445313309469532
378.769236 0.08445313309469532
378.773677 0.08445313309469532
378.778005 0.08445313309469532
378.782651 0.08445313309469532
378.787501 0.09422313309469538
378.791869 0.09422313309469538
378.796285 0.08933313309469532
378.800746 0.08933313309469532
378.805438 0.08933313309469532
378.809812 0.08933313309469532
378.814953 0.05515313309469544
378.820064 0.05515313309469544
378.824257 0.05515313309469544
378.828674 0.05515313309469544
378.835027 0.05515313309469544
378.840992 0.0
378.845335 0.0
378.850523 0.0
378.856159 -0.09576028090305927
378.861676 -0.09576028090305927
378.867329 -0.09576028090305927
378.872804 -0.09576028090305927
378.878461 -0.16900028090305924
378.883838 -0.16900028090305924
378.889864 -0.13482028090305936
378.89558 -0.13482028090305936
378.901881 -0.13482028090305936
378.907968 -0.06158028090305939
378.913886 -0.06158028090305939
378.919607 -0.06158028090305939
378.924151 -0.06158028090305939
378.928531 -0.03228028090305929
378.932989 -0.03228028090305929
378.937114 -0.03228028090305929
378.941648 -0.03228028090305929
378.946888 -0.03228028090305929
378.951502 -0.007870280903059244
378.955678 -0.007870280903059244
378.960806 -0.007870280903059244
378.965153 -0.007870280903059244
378.970454 0.0
378.975824 0.0
378.981286 0.0
378.986653 0.0
378.99209 0.0
378.99763 0.0
379.003903 -0.007870280903059244
379.009391 -0.007870280903059244
379.015302 -0.007870280903059244
379.02086 -0.007870280903059244
379.026056 0.0
379.030453 0.0
379.035615 0.0
379.041892 0.0
379.048669 0.0
379.055557 0.0
379.059905 0.0
379.064059 0.0
379.068161 0.0
379.072261 0.0
379.076366 0.0
379.080504 0.0
379.084574 0.0
379.088719 0.0
379.092868 0.0
379.097012 0.0
379.101208 0.0
379.105529 0.0
379.109513 0.0
379.113683 0.0
379.118539 -0.007870280903059244
379.122754 -0.007870280903059244
379.126761 -0.007870280903059244
379.130681 -0.007870280903059244
379.134862 -0.007870280903059244
379.139168 0.0
379.14328 0.0
379.147472 0.0
379.151411 0.0
379.155672 0.0
379.160085 0.0
379.164241 0.0
379.168392 0.0
379.172303 0.0
379.176523 0.0
379.18068 0.0
379.184763 0.0
379.188889 0.0
379.192985 0.0
379.197101 0.0
379.201199 0.030743133094695396
379.205233 0.030743133094695396
379.210038 0.030743133094695396
379.214402 0.030743133094695396
379.218954 0.030743133094695396
379.223223 0.0
379.227315 0.0
379.231851 0.0
379.236263 0.0
379.240901 0.0
379.245094 0.0
379.249408 0.0
379.25368 0.0
379.257641 0.0
379.262523 0.0
379.267965 0.0
379.273253 0.0
379.277587 0.0
379.281872 0.0
379.286119 0.0
379.290096 0.0
379.29455 0.0
379.298498 0.0
379.302754 0.0
379.306813 0.0
379.478603 0.0
379.48301 0.0
379.487157 0.0
379.491368 0.0
379.4959 0.0
379.500269 0.0
379.504354 0.0
379.509529 0.0
379.516219 0.0
379.52394 0.0
379.530787 0.0
379.535517 0.0
379.539107 0.0
379.543113 0.0
379.546812 0.0
379.550527 0.0
379.554548 0.0
379.558579 0.0
379.562887 0.0
379.567257 0.0
379.571631 0.0
379.57578 0.0
379.579391 0.0
379.584292 0.0
379.588117 0.0
379.593604 0.0
379.599639 0.0
379.605318 0.0
379.609685 0.0
379.614553 -0.007870280903059244
379.619012 -0.007870280903059244
379.623338 -0.007870280903059244
379.627837 -0.007870280903059244
379.632216 -0.007870280903059244
379.637853 0.0
379.642718 0.0
379.648369 0.0
379.659392 0.0
379.663805 0.0
379.668194 0.0
379.672484 0.0
379.676571 0.0
379.681022 0.0
379.685649 0.0
379.691092 0.0
379.696356 0.0
379.701474 0.0
379.706045 0.0
379.711041 0.0
379.71532 0.0
379.719565 0.0
379.724039 0.0
379.728424 0.0
379.73295 0.0
379.737748 0.0
379.742902 0.0
379.748304 0.0
379.753651 0.0
379.759099 0.0
379.76543 0.0
379.770817 0.0
379.776135 0.0
379.781638 0.0
379.787148 0.0
379.792428 0.0
379.79776 0.0
379.803513 0.0
379.808859 0.0
379.816303 0.0
379.82051 0.0
379.824637 0.0
379.82868 0.0
379.832838 0.0
379.837024 0.0
379.841231 0.0
379.84575 0.0
379.850091 0.0
379.854665 0.0
379.858792 0.0
379.863143 0.0
379.867498 0.0
379.871672 0.0
379.876196 0.0
379.880393 0.0
379.884519 0.0
379.905181 0.0
379.909894 0.0
379.91433 0.0
379.918594 0.0
379.923251 0.0
379.927752 0.0
379.93198 0.0
379.936384 0.0
379.940347 0.0
379.94439 0.0
379.948596 0.0
379.952683 0.0
379.957111 0.0
379.961102 0.0
379.9652 0.0
379.969371 0.0
379.973391 0.0
379.977794 0.0
379.981859 0.0
379.986004 0.0
379.990178 0.0
379.994192 0.0
379.998559 0.0
380.002537 0.0
380.006597 0.0
380.01078 0.0
380.015147 0.0
380.019729 0.0
380.023685 0.0
380.02795 0.0
380.032236 0.0
380.036206 0.0
380.040678 0.0
380.044864 0.0
380.049156 0.0
380.053293 0.0
380.058478 0.0
380.062629 0.0
380.067576 0.0
380.072269 0.0
380.076303 0.0
380.080421 0.0
380.085038 0.0
380.089682 0.0
380.094105 0.0
380.098165 0.0
380.102316 0.0
380.106583 0.0
380.110868 0.0
380.115955 0.0
380.121349 0.0
380.12731 0.0
380.132835 0.0
380.138159 0.0
380.142894 0.0
380.147295 0.0
380.151991 0.0
380.157354 0.0
380.162821 0.0
380.167311 0.0
380.171893 0.0
380.176264 0.0
380.180779 0.0
380.185424 0.0
380.189761 0.0
380.194271 0.0
380.198555 0.0
380.20255 0.0
380.206882 0.020973133094695336
380.210852 0.020973133094695336
380.214812 0.020973133094695336
380.218765 0.020973133094695336
380.222756 0.020973133094695336
380.227142 -0.01275028090305924
380.231107 -0.01275028090305924
380.235482 0.0
380.239509 0.0
380.243481 0.0
380.247556 0.0
380.251538 0.0
380.255891 0.0
380.259908 0.0
380.26399 0.0
380.268116 0.0
380.272125 0.0
380.276484 -0.0176402809030593
380.280522 -0.0176402809030593
380.284585 -0.0176402809030593
380.289044 -0.0176402809030593
380.294488 -0.0176402809030593
380.301345 -0.09088028090305927
380.305887 -0.09088028090305927
380.311573 -0.09088028090305927
380.31651 -0.09088028090305927
380.322455 -0.07135028090305923
380.327248 -0.07135028090305923
380.331616 -0.07135028090305923
380.336185 -0.07135028090305923
380.345447 0.0
380.35408 0.0
380.357667 0.0
380.361449 0.0
380.36552 0.0
380.369302 0.0
380.372904 0.0
380.376484 0.0
380.380282 0.0
380.383899 0.0
380.387493 0.0
380.391561 0.011213133094695347
380.395521 0.011213133094695347
380.399503 0.011213133094695347
380.403595 0.011213133094695347
380.407537 0.011213133094695347
380.411732 0.011213133094695347
380.415656 0.011213133094695347
380.419637 0.011213133094695347
380.424111 0.011213133094695347
380.42805 0.011213133094695347
380.432515 0.0
380.436532 0.0
380.440506 0.0
380.444644 0.0
380.448592 0.0
380.45276 0.0
380.456717 0.0
380.460632 0.0
380.46464 0.0
380.46857 0.0
380.472746 0.0
380.476715 0.0
380.480951 0.0
380.485102 0.0
380.489063 0.0
380.49356 0.0
380.497545 0.0
380.501477 0.0
380.505792 0.0
380.509789 0.0
380.513865 0.0
380.520758 0.0
380.527802 0.0
380.533588 0.0
380.538288 0.0
380.545672 0.0
380.552161 0.0
380.557721 0.0
380.562461 0.0
380.567193 0.0
380.571672 0.0
380.577669 0.0
380.585316 0.0
380.591976 0.0
380.59758 0.0
380.602396 0.0
380.607026 0.0
380.613622 0.0
380.619647 0.0
380.623337 0.0
380.627236 0.0
380.631153 0.0
380.634973 0.0
380.638733 0.0
380.642384 0.0
380.646394 0.0
380.650921 0.0
380.654583 0.0
380.658434 0.0
380.662157 0.0
380.665744 0.0
380.669489 0.0
380.673376 0.0
380.677455 0.0
380.681578 0.0
380.685524 0.0
380.689676 0.0
380.693852 0.0
380.697866 0.0
380.702202 0.0
380.706149 0.0
380.710371 0.0
380.714658 0.0
380.718636 0.0
380.722967 0.0
380.726948 0.0
380.731076 0.0
380.735503 0.0
380.739479 0.0
380.743782 0.0
380.748046 0.0
380.752872 0.0
380.75702 0.0
380.761241 0.0
380.765646 0.0
380.769863 0.0
380.774411 0.0
380.778446 0.0
380.782558 0.0
380.786713 0.0
380.790741 0.0
380.795713 0.0
380.800604 0.0
380.806559 0.0
380.810885 0.0
380.815548 0.0
380.820035 0.0
380.824342 0.0
380.829352 0.0
380.833581 0.0
380.837852 0.0
380.841859 0.0
380.84588 0.0
380.850283 0.0
380.854276 0.0
380.858439 0.0
380.862618 0.0
380.866875 0.0
380.871018 0.0
380.874979 0.0
380.879108 0.0
380.883371 0.0
380.887609 0.0
380.89178 0.0
380.895762 0.0
380.8999 0.0
380.904063 0.0
380.911033 0.0
380.915185 0.0
380.919466 0.0
380.923717 0.0
380.927775 0.0
380.931876 0.0
380.936027 0.0
380.940321 0.0
380.944469 0.0
380.948448 0.0
380.952496 0.0
380.956784 0.0
380.968711 0.0
380.972762 0.0
380.97689 0.0
380.981918 0.0
380.98632 0.0
380.990795 0.0
380.994891 0.0
380.999251 0.0
381.003533 0.0
381.007747 0.0
381.012746 0.0
381.021432 0.0
381.026221 0.0
381.030275 0.0
381.034962 0.0
381.039078 0.0
381.043355 0.0
381.047403 0.0
381.05158 0.0
381.055876 0.0
381.059848 0.0
381.064253 0.0
381.068248 0.0
381.072567 0.0
381.076722 0.0
381.080751 0.0
381.085167 0.0
381.089332 0.0
381.093627 0.0
381.097753 0.0
381.10177 0.0
381.105923 0.0
381.11028 0.0
381.114477 0.0
381.118652 0.0
381.122604 0.0
381.12696 0.0
381.131111 0.0
381.135361 0.0
381.139486 0.0
381.143906 0.0
381.148044 0.0
381.152218 0.0
381.15637 0.0
381.160565 0.0
381.164567 0.0
381.168814 0.0
381.172875 0.0
381.177086 0.0
381.181541 0.0
381.186157 0.0
381.190635 0.0
381.194708 0.0
381.199312 0.0
381.203607 0.0
381.208075 0.0
381.212162 0.0
381.216371 0.0
381.220783 0.0
381.226028 0.0
381.230637 0.0
381.236218 0.0
381.240752 0.0
381.245474 0.0
381.249618 0.0
381.253356 0.0
381.257101 0.0
381.261388 0.0
381.265483 0.0
381.269629 0.0
381.273583 0.0
381.277679 0.0
381.281874 0.0
381.28604 0.0
381.290147 0.0
381.294106 0.0
381.298296 0.0
381.302492 0.0
381.306616 0.0
381.310601 0.0
381.314708 0.0
381.319098 0.0
381.32355 0.0
381.327482 0.0
381.331769 0.0
381.335736 0.0
381.340132 0.0
381.34418 0.0
381.348149 0.0
381.352406 0.0
381.356453 0.0
381.360544 0.0
381.364758 0.0
381.369448 0.0
381.373407 0.0
381.377086 0.0
381.380748 0.0
381.38467 0.0
381.388202 0.0
381.392109 0.0
381.39602 -0.007870280903059244
381.400183 -0.007870280903059244
381.405221 -0.007870280903059244
381.409395 -0.007870280903059244
381.413677 -0.03228028090305929
381.418034 -0.03228028090305929
381.422639 -0.03228028090305929
381.427561 -0.03228028090305929
381.431683 -0.03228028090305929
381.436273 0.0
381.440243 0.0
381.444494 0.0
381.449302 0.0
381.455303 0.10886313309469536
381.460917 0.10886313309469536
381.465386 0.10886313309469536
381.470052 0.10886313309469536
381.474473 0.10886313309469536
381.479463 0.13816313309469525
381.483739 0.13816313309469525
381.488276 0.13816313309469525
381.492481 0.13816313309469525
381.497115 0.17234313309469534
381.501446 0.17234313309469534
381.505537 0.17234313309469534
381.512168 0.11863313309469542
381.516225 0.11863313309469542
381.520459 0.11863313309469542
381.52464 0.11863313309469542
381.529064 0.011213133094695347
381.533129 0.011213133094695347
381.5371 0.011213133094695347
381.541354 0.011213133094695347
381.54621 0.011213133094695347
381.55404 -0.06158028090305939
381.560228 -0.06158028090305939
381.564671 -0.06158028090305939
381.568315 -0.06158028090305939
381.572854 -0.14459028090305942
381.576843 -0.14459028090305942
381.580965 -0.14459028090305942
381.585582 -0.14459028090305942
381.590005 -0.14459028090305942
381.594227 -0.12506028090305937
381.59828 -0.12506028090305937
381.602667 -0.12506028090305937
381.606799 -0.12506028090305937
381.610814 -0.12506028090305937
381.614951 -0.12506028090305937
381.623102 -0.08111028090305922
381.628682 -0.08111028090305922
381.633206 -0.08111028090305922
381.639272 -0.08111028090305922
381.644586 -0.03228028090305929
381.650108 -0.03228028090305929
381.655139 -0.03228028090305929
381.659678 -0.03228028090305929
381.664777 0.0
381.671735 0.0
381.678235 0.0
381.682909 0.0
381.687304 0.0
381.691285 0.0
381.69584 0.0
381.699877 0.0
381.704015 0.0
381.70832 0.0
381.712437 0.0
381.716726 0.0
381.720665 0.0
381.724806 0.0
381.72928 0.0
381.733562 0.0
381.738035 0.0
381.742213 0.0
381.746973 0.0
381.751231 0.0
381.755567 0.0
381.759841 0.0
381.763792 0.0
381.768155 0.0
381.772109 0.0
381.776158 0.0
381.780313 0.0
381.784354 0.0
381.788481 0.0
381.792558 0.0
381.796566 0.0
381.800856 0.0
381.80487 0.0
381.809133 0.0
381.813188 0.0
381.817327 0.0
381.821728 0.0
381.82585 0.0
381.830125 0.0
381.83419 0.0
381.838379 0.0
381.843108 -0.027400280903059293
381.847467 -0.027400280903059293
381.852616 0.020973133094695336
381.857312 0.020973133094695336
381.862474 0.020973133094695336
381.866713 0.020973133094695336
381.871674 0.03562313309469539
381.876516 0.03562313309469539
381.881219 0.03562313309469539
381.885658 0.03562313309469539
381.889838 0.03562313309469539
381.89501 0.0
381.899657 0.0
381.904941 0.0
381.910079 0.0
381.915385 0.0
381.919436 0.0
381.923853 0.0
381.928033 0.0
381.932088 0.0
381.936418 0.0
381.940408 0.0
381.944755 0.0
381.948845 0.0
381.952848 0.0
381.957197 0.0
381.961195 0.0
381.96574 0.0
381.969838 0.0
381.973901 0.0
381.97817 0.0
381.982233 0.0
381.98661 0.0
381.990577 0.0
381.994747 0.0
381.998988 0.0
382.003633 0.0
382.009052 0.0
382.012618 0.0
382.016269 0.0
382.020178 0.0
382.029624 0.0
382.033591 0.0
382.037685 0.0
382.041827 0.0
382.045885 0.0
382.050189 0.0
382.054278 0.0
382.058366 0.0
382.062532 0.0
382.066509 0.0
382.070831 0.0
382.075402 0.0
382.079865 0.0
382.084013 0.0
382.088272 0.0
382.092849 0.0
382.096997 0.0
382.10128 0.0
382.105405 0.0
382.109472 0.0
382.113817 0.0
382.118239 0.0
382.129495 0.011213133094695347
382.134078 0.011213133094695347
382.138095 0.011213133094695347
382.142964 0.0
382.146962 0.0
382.151118 0.0
382.155473 0.0
382.159528 0.0
382.163836 0.0
382.167877 0.0
382.171964 0.0
382.176378 0.0
382.180383 0.0
382.18456 0.0
382.188567 0.0
382.192726 0.0
382.196908 0.0
382.200895 0.0
382.205125 0.0
382.209158 0.0
382.213307 0.0
382.217477 0.0
382.221531 0.0
382.225716 0.0
382.2298 0.0
382.23387 0.0
382.238103 0.0
382.242039 0.0
382.246053 0.0
382.250245 0.0
382.254287 0.0
382.258535 0.0
382.262803 0.0
382.266872 0.0
382.271059 0.0
382.275092 0.0
382.279459 0.0
382.283502 0.0
382.287569 0.0
382.292069 0.0
382.29636 0.0
382.301078 0.0
382.305339 0.0
382.309968 0.0
382.313915 0.0
382.318161 0.0
382.323194 0.0
382.32803 0.0
382.332757 0.0
382.337163 0.0
382.341459 0.0
382.345912 0.0
382.350583 0.0
382.355746 0.0
382.360755 0.0
382.365569 0.0
382.369874 0.0
382.37464 0.0
382.378668 0.0
382.383179 0.0
382.387666 0.0
382.391943 0.0
382.396404 0.0
382.400389 0.0
382.405034 -0.007870280903059244
382.409227 -0.007870280903059244
382.413831 -0.007870280903059244
382.418224 -0.007870280903059244
382.422773 -0.007870280903059244
382.427724 0.0
382.432036 0.0
382.436608 0.0
382.440836 0.0
382.444862 0.0
382.449317 0.0
382.453273 0.0
382.457857 0.0
382.461875 0.0
382.466406 0.0
382.47106 0.0
382.475384 0.0
382.480263 0.0
382.484404 0.0
382.488914 0.0
382.493111 0.0
382.497576 0.0
382.50206 0.0
382.506296 0.0
382.511012 0.0
382.516294 0.0
382.521767 0.0
382.529846 0.0
382.536151 0.0
382.540679 0.0
382.545268 0.0
382.549857 0.0
382.555627 0.0
382.560191 0.0
382.565673 0.0
382.571558 0.0
382.58011 0.0
382.58594 0.0
382.590386 0.0
382.595245 0.0
382.599412 0.0
382.603611 0.0
382.60791 0.0
382.611991 0.0
382.616719 0.0
382.620683 0.0
382.624904 0.0
382.629309 0.0
382.634007 0.0
382.638883 0.0
382.643772 0.0
382.6499 0.0
382.65554 0.0
382.659917 0.0
382.664164 0.0
382.669397 0.0
382.67417 0.0
382.678713 0.0
382.68289 0.0
382.687286 0.0
382.691566 0.0
382.696225 0.0
382.700568 0.0
382.70484 0.0
382.709385 0.0
382.713587 0.0
382.718086 0.0
382.722515 0.0
382.726594 0.0
382.731015 0.0
382.735616 0.0
382.739916 0.0
382.74448 0.0
382.749683 0.0
382.753528 0.0
382.757616 0.0
382.761475 0.0
382.765651 0.0
382.770033 0.0
382.774602 0.0
382.780089 0.0
382.784731 0.0
382.789318 0.0
382.793769 -0.007870280903059244
382.798224 -0.007870280903059244
382.803229 0.0
382.808126 0.0
382.813323 0.0
382.81813 0.0
382.822587 0.0
382.826891 0.0
382.831533 0.0
382.836021 0.0
382.840478 0.0
382.845025 0.0
382.849376 0.0
382.853813 0.0
382.858296 0.0
382.863201 0.0
382.867534 0.0
382.872175 0.0
382.876847 0.0
382.881285 0.0
382.886027 0.011213133094695347
382.890335 0.011213133094695347
382.895167 0.030743133094695396
382.900259 0.030743133094695396
382.905353 0.030743133094695396
382.909282 0.030743133094695396
382.913541 0.030743133094695396
382.917886 0.0
382.921823 0.0
382.92601 0.0
382.929974 0.0
382.934195 0.0
382.938436 -0.04693028090305934
382.942397 -0.04693028090305934
382.946625 -0.04693028090305934
382.950775 -0.04693028090305934
382.955023 -0.04693028090305934
382.959313 -0.027400280903059293
382.963405 -0.027400280903059293
382.967882 -0.027400280903059293
382.97245 -0.027400280903059293
382.977016 -0.022520280903059294
382.981174 -0.022520280903059294
382.985522 -0.022520280903059294
382.99028 -0.022520280903059294
382.994428 -0.022520280903059294
382.998989 0.0
383.002902 0.0
383.007004 0.0
383.011582 0.0
383.015851 0.0
383.020863 0.0
383.026188 0.0
383.030999 0.0
383.035127 0.0
383.039283 0.0
383.043528 0.0
383.047645 0.0
383.051989 0.0
383.056041 0.0
383.060019 0.0
383.064263 0.0
383.068251 0.0
383.072558 0.0
383.076678 0.0
383.080771 0.0
383.085111 0.0
383.089166 0.0
383.093666 0.0
383.103922 0.01609313309469534
383.107977 0.01609313309469534
383.112017 0.01609313309469534
383.116217 0.01609313309469534
383.120234 0.01609313309469534
383.124633 0.0
383.128605 0.0
383.132724 0.0
383.136889 0.0
383.140959 0.0
383.145412 0.0
383.149483 0.0
383.153446 0.0
383.15768 0.0
383.161848 0.0
383.166272 0.0
383.170274 0.0
383.174393 0.0
383.178731 0.0
383.183163 0.0
383.188281 0.0
383.192744 0.0
383.197015 0.0
383.2013 0.0
383.205738 0.0
383.210652 0.0
383.214875 0.0
383.219475 0.0
383.223511 0.0
383.227502 0.0
383.231752 0.0
383.236142 0.0
383.241469 0.0
383.246498 0.0
383.251475 0.0
383.255816 0.0
383.261077 0.0
383.266398 0.0
383.271877 0.0
383.27727 0.0
383.282594 0.0
383.287218 0.0
383.293454 0.0
383.299007 0.0
383.304601 0.0
383.309942 0.0
383.315653 0.0
383.32076 0.0
383.326331 0.0
383.331189 0.0
383.33568 0.0
383.34015 0.0
383.345097 0.0
383.350739 0.0
383.356157 0.0
383.361652 0.0
383.366868 0.0
383.372396 0.0
383.377785 0.0
383.383337 0.0
383.388864 0.0
383.394572 0.0
383.400498 0.0
383.405825 0.0
383.409906 0.0
383.414841 0.0
383.418991 0.0
383.423306 0.0
383.427727 0.0
383.432081 0.0
383.436507 0.0
383.440896 0.0
383.445623 0.0
383.450243 0.0
383.455327 0.0
383.459735 0.0
383.464891 0.0
383.469726 0.0
383.474209 0.0
383.478569 0.0
383.483279 0.0
383.488053 0.0
383.492507 0.0
383.496863 0.0
383.501319 0.0
383.505821 0.0
383.510601 0.0
383.515856 0.0
383.521395 0.0
383.526753 0.0
383.532287 0.0
383.537393 0.0
383.542847 0.0
383.547974 0.0
383.553365 -0.007870280903059244
383.557937 -0.007870280903059244
383.563325 0.0
383.568377 0.0
383.573649 0.0
383.578903 0.0
383.583807 0.0
383.588161 0.0
383.593131 0.0
383.597674 0.0
383.602758 0.0
383.607747 0.0
383.613083 0.0
383.617592 0.0
383.62227 0.0
383.628628 0.0
383.634466 0.0
383.640009 0.0
383.645648 0.0
383.650809 0.0
383.660058 0.0
383.682765 0.0
383.687013 0.0
383.691361 0.0
383.695425 0.0
383.699449 0.0
383.703608 0.0
383.707784 0.0
383.711953 0.0
383.715946 0.0
383.719915 0.0
383.724204 0.0
383.72828 0.0
383.732672 0.0
383.736726 0.0
383.740676 0.0
383.744953 0.0
383.748951 0.0
383.753113 0.0
383.757103 0.0
383.761064 0.0
383.765202 0.0
383.769196 0.0
383.773311 0.0
383.777344 0.0
383.781353 0.0
383.785532 0.0
383.789582 0.0
383.794119 0.0
383.798488 0.0
383.802778 0.0
383.807253 0.0
383.811668 0.0
383.815827 0.0
383.819478 0.0
383.823092 0.0
383.826896 0.0
383.830585 0.0
383.834763 0.0
383.839071 0.0
383.843089 0.0
383.847629 -0.007870280903059244
383.851781 -0.007870280903059244
383.855969 -0.007870280903059244
383.860101 -0.007870280903059244
383.864148 -0.007870280903059244
383.868301 -0.007870280903059244
383.872325 -0.007870280903059244
383.877004 -0.007870280903059244
383.881958 -0.007870280903059244
383.88761 -0.022520280903059294
383.892204 -0.022520280903059294
383.896493 -0.022520280903059294
383.901096 -0.022520280903059294
383.905388 -0.022520280903059294
383.910003 0.0
383.914264 0.0
383.918887 0.0
383.923203 0.0
383.927505 0.0
383.932202 0.07957313309469533
383.936526 0.07957313309469533
383.941156 0.08445313309469532
383.94542 0.08445313309469532
383.949817 0.08445313309469532
383.954001 0.08445313309469532
383.95828 0.08445313309469532
383.963605 0.1576931330946953
383.968747 0.1576931330946953
383.973749 0.1576931330946953
383.978077 0.1576931330946953
383.982543 0.10398313309469537
383.986807 0.10398313309469537
383.991105 0.10398313309469537
383.995436 0.10398313309469537
383.999773 0.10398313309469537
384.004458 0.06492313309469527
384.008987 0.06492313309469527
384.013449 0.06492313309469527
384.017668 0.06492313309469527
384.02215 0.0
384.026339 0.0
384.030516 0.0
384.035068 -0.06646028090305939
384.03962 -0.06646028090305939
384.044717 -0.06646028090305939
384.049207 -0.06646028090305939
384.053856 -0.1787702809030593
384.058392 -0.1787702809030593
384.063036 -0.1787702809030593
384.068034 -0.1787702809030593
384.072421 -0.1787702809030593
384.077035 -0.12506028090305937
384.081264 -0.12506028090305937
384.085894 -0.12506028090305937
384.090668 -0.12506028090305937
384.096584 -0.11041028090305932
384.10236 -0.11041028090305932
384.107989 -0.11041028090305932
384.113475 -0.11041028090305932
384.118991 -0.027400280903059293
384.124271 -0.027400280903059293
384.129763 -0.027400280903059293
384.134793 -0.027400280903059293
384.140111 0.0
384.144868 0.0
384.150991 0.0
384.157263 0.0
384.163464 0.0
384.169424 0.0
384.173565 0.0
384.177524 0.0
384.181649 0.0
384.185739 0.0
384.189998 0.0
384.194127 0.0
384.19844 0.0
384.203217 0.0
384.207646 0.0
384.212548 0.0
384.21684 0.0
384.222171 0.0
384.227674 0.0
384.233099 0.0
384.238313 0.0
384.243874 0.0
384.249187 0.0
384.254776 0.0
384.261093 0.0
384.266629 0.0
384.272325 0.0
384.277887 0.0
384.28364 0.0
384.288959 0.0
384.294315 0.0
384.300747 0.0
384.307172 0.0
384.313116 0.0
384.318508 0.0
384.323745 -0.0176402809030593
384.328808 -0.0176402809030593
384.334036 -0.0176402809030593
384.338397 -0.0176402809030593
384.342887 -0.0176402809030593
384.347353 0.04539313309469545
384.351599 0.04539313309469545
384.357248 0.0
384.362511 0.0
384.367869 0.0
384.372922 0.0
384.37846 -0.01275028090305924
384.383772 -0.01275028090305924
384.38922 -0.01275028090305924
384.394427 -0.01275028090305924
384.400074 0.01609313309469534
384.40538 0.01609313309469534
384.410743 0.01609313309469534
384.416159 0.01609313309469534
384.421423 0.0
384.426774 0.0
384.432408 0.0
384.438022 0.0
384.442366 0.0
384.446617 0.0
384.451273 0.0
384.455875 0.0
384.461179 0.0
384.465867 0.0
384.471026 0.0
384.475433 0.0
384.480882 0.0
384.485151 0.0
384.489469 -0.01275028090305924
384.493814 -0.01275028090305924
384.498206 -0.01275028090305924
384.502869 -0.01275028090305924
384.507857 -0.01275028090305924
384.513684 0.0
384.518776 0.0
384.523999 0.0
384.528894 0.0
384.534562 0.0
384.540335 0.0
384.546129 0.0
384.551343 0.0
384.556961 0.0
384.562499 0.0
384.568291 0.0
384.573608 0.0
384.57897 0.0
384.583843 0.0
384.588213 0.0
384.592208 0.0
384.596921 0.0
384.601099 0.0
384.605747 0.0
384.609813 0.0
384.614131 0.0
384.618553 0.0
384.62273 0.0
384.627084 0.0
384.631236 0.0
384.635419 0.0
384.639645 0.0
384.643803 0.0
384.648285 0.0
384.652248 0.0
384.656188 0.0
384.660881 0.0
384.66511 0.0
384.669592 0.0
384.674204 0.0
384.678762 0.0
384.683088 0.0
384.687237 0.0
384.691723 0.0
384.696413 0.0
384.700666 0.0
384.70464 0.0
384.708809 0.0
384.712813 0.0
384.716909 0.0
384.721241 0.0
384.725319 0.0
384.729889 0.0
384.734487 0.0
384.74279 0.0
384.74821 0.0
384.753435 0.0
384.75825 0.0
384.763023 0.0
384.767174 0.0
384.772674 0.0
384.777491 0.0
384.781969 0.0
384.786534 0.0
384.791023 0.0
384.795559 0.0
384.800553 0.0
384.815912 0.0
384.821183 0.0
384.825612 0.0
384.829625 0.0
384.834052 0.0
384.83814 0.0
384.842298 0.0
384.846508 0.0
384.850549 0.0
384.85474 0.011213133094695347
384.858959 0.011213133094695347
384.862916 0.011213133094695347
384.867214 0.011213133094695347
384.871216 0.011213133094695347
384.875448 0.0
384.879669 0.0
384.883883 0.0
384.888086 0.0
384.892087 0.0
384.896353 0.0
384.900446 0.0
384.904799 0.0
384.908919 0.0
384.912996 0.0
384.917191 0.0
384.921386 0.0
384.925671 0.0
384.929848 0.0
384.933774 0.0
384.937915 0.0
384.941999 0.0
384.946252 0.0
384.950382 0.0
384.954408 0.0
384.95839 0.0
384.962672 0.0
384.967049 0.0
384.971362 0.0
384.975888 0.0
384.980221 0.0
384.984526 0.0
384.988893 0.0
384.993317 0.0
384.99757 0.0
385.001796 0.0
385.006585 0.0
385.011511 0.0
385.016359 0.0
385.023849 0.0
385.034072 0.0
385.040637 0.0
385.046729 0.0
385.052978 0.0
385.059389 0.0
385.065364 0.0
385.071409 0.0
385.076141 0.0
385.080683 0.0
385.084738 0.0
385.088662 0.0
385.092973 0.0
385.096945 0.0
385.101354 0.0
385.105308 0.0
385.109262 0.0
385.113541 0.0
385.117493 0.0
385.121775 0.0
385.126145 0.0
385.130134 0.0
385.134383 0.0
385.138389 0.0
385.14252 0.0
385.146654 0.0
385.150571 0.0
385.155086 0.0
385.159 0.0
385.16322 0.0
385.167397 0.0
385.171415 0.0
385.175673 0.0
385.179733 0.0
385.183784 0.0
385.18822 0.0
385.192177 0.0
385.196566 0.0
385.200745 0.0
385.205287 0.0
385.209883 0.0
385.214109 0.0
385.218552 0.0
385.222517 0.0
385.227011 0.0
385.231545 0.0
385.235875 0.0
385.240523 0.0
385.244602 0.0
385.248655 0.0
385.252857 0.0
385.257222 0.0
385.262875 0.0
385.267882 0.0
385.27316 0.0
385.277591 0.0
385.282402 0.0
385.28672 0.0
385.292036 0.0
385.297072 0.0
385.301133 0.0
385.305202 0.0
385.30915 0.0
385.313368 0.0
385.317544 0.0
385.321615 0.0
385.325603 0.0
385.329681 0.0
385.333845 0.0
385.337949 0.0
385.341902 0.0
385.346232 0.0
385.350177 0.0
385.354305 0.0
385.358265 0.0
385.362389 0.0
385.366548 0.0
385.370561 0.0
385.374777 0.0
385.378759 0.0
385.382776 0.0
385.387073 0.0
385.391144 0.0
385.395254 0.0
385.399312 0.0
385.403278 0.0
385.407532 0.0
385.411527 0.0
385.41577 0.0
385.419856 0.0
385.423994 0.0
385.428417 0.0
385.432456 0.0
385.437038 0.011213133094695347
385.441724 0.011213133094695347
385.446605 0.011213133094695347
385.451452 0.011213133094695347
385.456107 0.011213133094695347
385.460864 0.09422313309469538
385.465394 0.09422313309469538
385.470004 0.09422313309469538
385.474319 0.09422313309469538
385.478716 0.09422313309469538
385.484406 0.0
385.4896 0.0
385.495484 0.0
385.500213 -0.01275028090305924
385.504857 -0.01275028090305924
385.509767 -0.01275028090305924
385.514255 -0.01275028090305924
385.518748 -0.01275028090305924
385.523497 0.020973133094695336
385.527757 0.020973133094695336
385.532436 0.020973133094695336
385.537299 0.020973133094695336
385.544458 -0.09576028090305927
385.551008 -0.09576028090305927
385.557865 -0.12506028090305937
385.565277 -0.12506028090305937
385.572092 -0.12506028090305937
385.576834 -0.0567002809030594
385.581072 -0.0567002809030594
385.58542 -0.0567002809030594
385.589613 -0.0567002809030594
385.593775 -0.0567002809030594
385.598322 0.0
385.602464 0.0
385.607114 0.0
385.612118 0.0
385.616763 0.020973133094695336
385.62091 0.020973133094695336
385.62509 0.020973133094695336
385.629577 0.020973133094695336
385.633663 0.020973133094695336
385.638315 0.0
385.642623 0.0
385.64718 0.0
385.65144 0.0
385.655569 0.0
385.661067 0.0
385.665982 0.0
385.670858 0.0
385.675076 0.0
385.680409 0.0
385.685328 0.0
385.690487 0.01609313309469534
385.695135 0.01609313309469534
385.699657 0.01609313309469534
385.704133 0.01609313309469534
385.708382 0.01609313309469534
385.713042 0.020973133094695336
385.717527 0.020973133094695336
385.722441 0.020973133094695336
385.728072 0.020973133094695336
385.734842 0.0
385.740883 0.0
385.746684 0.0
385.752798 0.0
385.758608 0.0
385.765126 0.0
385.773529 0.0
385.778777 0.0
385.783412 0.0
385.78746 0.0
385.791893 0.0
385.796141 0.0
385.800129 0.0
385.804558 0.0
385.808618 0.0
385.812896 0.0
385.817066 0.0
385.821091 0.0
385.825762 0.0
385.829999 0.0
385.834681 0.0
385.838906 0.0
385.843155 0.0
385.848027 0.0
385.852217 0.0
385.856847 0.0
385.860904 0.0
385.864867 0.0
385.869442 0.0
385.873382 0.0
385.878175 0.0
385.882354 0.0
385.886313 0.0
385.890786 0.0
385.895163 0.0
385.899667 0.0
385.909029 0.0
385.913108 0.0
385.917226 0.0
385.921618 -0.007870280903059244
385.92566 -0.007870280903059244
385.929727 -0.007870280903059244
385.93383 -0.007870280903059244
385.937807 -0.007870280903059244
385.943684 0.0
385.952842 0.0
385.960581 0.0
385.967622 0.0
385.973909 0.0
385.978196 0.0
385.985187 0.0
385.992218 0.0
385.997624 0.0
386.002473 0.0
386.007045 0.0
386.012422 0.0
386.020808 0.0
386.030531 0.0
386.034429 0.0
386.038094 0.0
386.042311 0.0
386.046154 0.0
386.049742 0.0
386.053673 0.0
386.057306 0.0
386.060902 0.0
386.064744 0.0
386.068469 0.0
386.072186 0.0
386.076486 0.0
386.080614 0.0
386.085061 -0.007870280903059244
386.089182 -0.007870280903059244
386.09316 -0.007870280903059244
386.097374 -0.007870280903059244
386.101482 -0.007870280903059244
386.105804 0.0
386.109771 0.0
386.113803 0.0
386.117946 0.0
386.122417 0.0
386.126759 0.0
386.130833 0.0
386.134775 0.0
386.138949 0.0
386.143313 0.0
386.147545 0.0
386.151532 0.0
386.155583 0.0
386.159861 0.0
386.163879 0.0
386.168115 0.0
386.172128 0.0
386.176214 0.0
386.180502 0.0
386.184609 0.0
386.189254 0.0
386.193771 0.0
386.197798 0.0
386.202375 0.0
386.207041 0.0
386.211816 0.0
386.216366 0.0
386.221249 0.0
386.225679 0.0
386.230561 0.0
386.235602 0.0
386.241208 0.0
386.246024 0.0
386.251071 0.0
386.255514 0.0
386.26078 0.0
386.265527 0.0
386.269869 0.0
386.274201 0.0
386.278206 0.0
386.282537 0.0
386.286631 0.0
386.291017 0.0
386.295441 0.0
386.299476 0.0
386.303733 0.0
386.307793 0.0
386.311799 0.0
386.316108 0.0
386.320094 0.0
386.324262 0.0
386.328299 0.0
386.332509 0.0
386.336744 0.0
386.340774 0.0
386.344819 0.0
386.348869 0.0
386.352879 0.0
386.357115 0.0
386.361184 0.0
386.365285 0.0
386.36933 0.0
386.373307 0.0
386.377642 0.0
386.381636 0.0
386.385805 0.0
386.389828 0.0
386.394317 0.0
386.398729 0.0
386.403034 0.0
386.407493 0.0
386.411822 0.0
386.416234 0.0
386.420538 0.0
386.424826 0.0
386.429291 0.0
386.433494 0.0
386.437865 0.0
386.441879 0.0
386.44685 0.0
386.451823 0.0
386.456943 0.0
386.462454 0.0
386.467236 0.0
386.471998 0.0
386.47675 0.0
386.482323 0.0
386.486804 0.0
386.491576 0.0
386.495984 0.0
386.500921 0.0
386.506012 0.0
386.51341 0.0
386.520164 0.0
386.52431 0.0
386.528571 0.0
386.532796 0.0
386.536897 0.0
386.541239 0.0
386.545392 0.0
386.549548 0.0
386.554021 0.0
386.558207 0.0
386.562584 0.0
386.567295 0.0
386.572525 0.0
386.576523 0.0
386.580855 0.0
386.586034 0.0
386.590185 0.0
386.594388 0.0
386.598388 0.0
386.602618 0.0
386.606755 0.0
386.610777 0.0
386.615075 0.0
386.619024 0.0
386.623736 0.0
386.630139 0.0
386.636456 0.0
386.640134 0.0
386.644375 0.0
386.648338 0.0
386.652425 0.0
386.656811 0.0
386.660845 0.0
386.66523 0.0
386.669278 0.0
386.674818 0.0
386.681816 0.0
386.686529 0.0
386.692479 0.0
386.699609 -0.03228028090305929
386.704447 -0.03228028090305929
386.709224 -0.03228028090305929
386.713509 -0.03228028090305929
386.719071 -0.042050280903059345
386.724362 -0.042050280903059345
386.730346 -0.042050280903059345
386.734308 -0.042050280903059345
386.738314 -0.042050280903059345
386.742797 0.06492313309469527
386.74678 0.06492313309469527
386.751147 0.1625731330946953
386.755172 0.1625731330946953
386.759094 0.1625731330946953
386.763485 0.1625731330946953
386.767431 0.1625731330946953
386.772299 0.11375313309469542
386.77585 0.11375313309469542
386.779536 0.11375313309469542
386.783395 0.11375313309469542
386.787023 0.11375313309469542
386.790789 0.11375313309469542
386.795437 0.1235131330946954
386.799659 0.1235131330946954
386.804149 0.1235131330946954
386.808523 0.1235131330946954
386.813921 0.07957313309469533
386.819171 0.07957313309469533
386.824659 -0.03228028090305929
386.829829 -0.03228028090305929
386.834954 -0.03228028090305929
386.840267 -0.03228028090305929
386.845649 -0.11529028090305932
386.85088 -0.11529028090305932
386.856143 -0.11529028090305932
386.861394 -0.11529028090305932
386.866653 -0.14459028090305942
386.871884 -0.14459028090305942
386.87719 -0.14459028090305942
386.882444 -0.14459028090305942
386.889109 -0.13971028090305943
386.895594 -0.13971028090305943
386.901359 -0.08600028090305928
386.906752 -0.08600028090305928
386.913104 -0.08600028090305928
386.918448 -0.08600028090305928
386.924221 -0.027400280903059293
386.929423 -0.027400280903059293
386.935656 -0.027400280903059293
386.941607 -0.027400280903059293
386.946427 -0.027400280903059293
386.95096 0.0
386.955631 0.0
386.960158 0.011213133094695347
386.964593 0.011213133094695347
386.969204 0.011213133094695347
386.973514 0.011213133094695347
386.978032 0.011213133094695347
386.982511 0.0
386.986865 0.0
386.991734 0.0
386.996999 0.0
387.002632 0.0
387.007901 0.0
387.013213 0.0
387.018508 0.0
387.02934 0.0
387.034728 0.0
387.039897 0.0
387.045277 0.0
387.050359 0.0
387.05577 -0.0176402809030593
387.060848 -0.0176402809030593
387.06626 -0.0176402809030593
387.07146 -0.0176402809030593
387.077264 0.0
387.082422 0.0
387.087773 0.0
387.093657 0.025863133094695397
387.099474 0.025863133094695397
387.105419 0.025863133094695397
387.114307 0.0
387.118545 0.0
387.12268 0.0
387.126899 0.0
387.131022 0.0
387.141883 0.0
387.148521 0.011213133094695347
387.153862 0.011213133094695347
387.159994 0.011213133094695347
387.165401 0.011213133094695347
387.171931 0.0
387.176168 0.0
387.180683 0.0
387.184847 0.0
387.189347 0.0
387.193759 0.0
387.198869 0.0
387.204299 0.0
387.209528 0.0
387.214751 0.0
387.219818 0.0
387.225147 0.0
387.230493 0.0
387.235815 0.0
387.241075 0.0
387.246275 0.0
387.251565 0.0
387.256801 0.0
387.262102 0.0
387.26737 0.0
387.272657 0.0
387.277907 0.0
387.283394 0.0
387.288638 0.0
387.293856 0.0
387.29944 0.0
387.305569 0.0
387.311176 0.0
387.316379 0.0
387.322179 0.0
387.327873 0.0
387.333331 0.0
387.338756 0.0
387.344626 0.0
387.35086 0.0
387.356394 0.0
387.360977 0.0
387.365974 0.0
387.371398 0.0
387.376797 0.0
387.38227 0.0
387.387358 0.0
387.392017 0.0
387.396777 0.0
387.401154 0.0
387.40568 0.0
387.410162 0.0
387.415271 0.0
387.420815 0.0
387.426126 0.0
387.43143 0.0
387.437086 0.0
387.442251 0.0
387.447647 0.0
387.452819 0.0
387.458298 0.0
387.463313 0.0
387.468909 0.0
387.474426 0.0
387.480637 0.0
387.485182 0.0
387.503387 0.0
387.509463 0.0
387.515965 0.0
387.521212 0.0
387.527277 0.0
387.5329 0.0
387.538734 0.0
387.544114 0.0
387.550234 0.0
387.555648 0.0
387.560574 0.0
387.56526 0.0
387.569617 0.0
387.574342 0.0
387.578664 0.0
387.587485 0.0
387.596836 0.0
387.607332 0.0
387.614491 0.0
387.619257 0.0
387.624489 0.0
387.629157 0.0
387.63379 0.0
387.638152 0.0
387.642769 0.0
387.64878 0.0
387.65301 0.0
387.657096 0.0
387.661176 0.0
387.665398 0.0
387.669339 0.0
387.673482 0.0
387.677769 0.0
387.68187 0.0
387.68608 0.0
387.690135 0.0
387.694258 0.0
387.698353 0.0
387.70246 0.0
387.706797 0.0
387.711133 0.0
387.715222 0.0
387.722567 0.0
387.728122 0.0
387.732829 0.0
387.738033 0.0
387.742292 0.0
387.747215 0.0
387.753456 0.0
387.759238 0.0
387.763831 0.0
387.76836 0.0
387.774462 0.0
387.780614 0.0
387.787309 0.0
387.792624 0.0
387.798297 0.0
387.803683 0.0
387.808907 0.0
387.814246 0.0
387.81951 0.0
387.824754 0.0
387.829999 0.0
387.835309 0.0
387.840751 0.0
387.845898 0.0
387.851272 0.0
387.856519 0.0
387.861773 0.0
387.866949 0.0
387.872252 0.0
387.877427 0.0
387.883037 0.0
387.888512 0.0
387.893773 0.0
387.899222 0.0
387.904263 0.0
387.909757 0.0
387.914788 0.0
387.920207 0.0
387.925304 0.0
387.930774 0.0
387.935953 0.0
387.942408 0.0
387.947836 0.0
387.953577 0.0
387.959167 0.0
387.964674 0.0
387.969885 0.0
387.975644 -0.007870280903059244
387.980423 -0.007870280903059244
387.985393 -0.007870280903059244
387.99124 -0.007870280903059244
387.996737 0.0
388.002166 0.04050313309469539
388.007308 0.04050313309469539
388.012442 0.04050313309469539
388.017736 0.04050313309469539
388.023246 0.0
388.028358 0.0
388.033488 0.0
388.038859 0.0
388.044475 -0.022520280903059294
388.049767 -0.022520280903059294
388.055003 -0.022520280903059294
388.060256 -0.022520280903059294
388.065584 0.0
388.070757 0.0
388.075862 0.0
388.081205 0.0
388.086482 -0.03228028090305929
388.091758 -0.03228028090305929
388.097048 -0.07135028090305923
388.102232 -0.07135028090305923
388.107491 -0.07135028090305923
388.112785 -0.07135028090305923
388.118109 -0.03228028090305929
388.12333 -0.03228028090305929
388.128587 -0.03228028090305929
388.133807 -0.03228028090305929
388.139776 0.0
388.145981 0.0
388.152 0.0
388.156852 0.0
388.164791 0.0
388.173726 0.0
388.181422 0.0
388.188144 0.0
388.195881 0.0
388.201158 0.0
388.206615 0.0
388.211456 0.0
388.216039 0.0
388.2205 0.0
388.224798 0.0
388.229585 0.0
388.235153 0.0
388.239378 0.0
388.243456 0.0
388.248016 0.0
388.252731 0.0
388.257312 0.0
388.261544 0.0
388.265915 0.0
388.270461 0.0
388.27474 0.0
388.279377 0.0
388.283574 0.0
388.287566 0.0
388.291781 0.0
388.296224 0.0
388.300546 0.0
388.304759 0.0
388.308764 0.0
388.313016 0.0
388.316975 0.0
388.321174 0.0
388.325287 0.0
388.329285 0.0
388.333599 0.0
388.337666 0.0
388.342211 0.0
388.346401 0.0
388.350447 0.0
388.354794 0.0
388.359151 0.0
388.36361 0.0
388.367988 0.0
388.371988 0.0
388.376215 0.0
388.380583 0.0
388.384808 0.0
388.389078 0.0
388.393248 0.0
388.397645 0.0
388.401791 0.0
388.405843 0.0
388.410085 0.0
388.41408 0.0
388.418365 0.0
388.42258 0.0
388.427398 0.0
388.43223 0.0
388.435871 0.0
388.439574 0.0
388.446721 0.0
388.453102 0.0
388.458887 0.0
388.464325 0.0
388.46998 0.0
388.475334 0.0
388.481481 0.0
388.487155 0.0
388.492637 0.0
388.497981 0.0
388.502174 0.0
388.506317 0.0
388.511894 0.0
388.516152 0.0
388.520641 0.0
388.524828 0.0
388.529186 0.0
388.533206 0.0
388.537165 0.0
388.54154 0.0
388.545529 0.0
388.549728 0.0
388.553644 0.0
388.557581 0.0
388.561758 0.0
388.565745 0.0
388.570112 0.0
388.574103 0.0
388.578149 0.0
388.58248 0.0
388.586473 0.0
388.591159 0.0
388.595202 0.0
388.599254 0.0
388.603513 0.0
388.607552 0.0
388.611826 0.0
388.615867 0.0
388.619902 0.0
388.624605 0.0
388.631737 0.0
388.636465 0.0
388.641593 0.0
388.645879 0.0
388.653586 0.0
388.660469 0.0
388.666041 0.0
388.670913 0.0
388.675566 0.0
388.680861 0.0
388.690256 0.0
388.695963 0.0
388.702522 0.0
388.714114 0.0
388.719165 0.0
388.72324 0.0
388.729115 0.0
388.735259 0.0
388.741244 0.0
388.749508 0.0
388.754618 0.0
388.759168 0.0
388.763319 0.0
388.768106 0.0
388.772302 0.0
388.776577 0.0
388.78134 0.0
388.785575 0.0
388.790151 0.0
388.794106 0.0
388.798286 0.0
388.802591 0.0
388.806631 0.0
388.811185 0.0
388.815332 0.0
388.819659 0.0
388.823987 0.0
388.827948 0.0
388.832577 0.0
388.836549 0.0
388.840907 0.0
388.845342 0.0
388.849579 0.0
388.854066 0.0
388.858166 0.0
388.862582 0.0
388.866747 0.0
388.870785 0.0
388.874987 0.0
388.879758 0.0
388.88423 0.0
388.889041 0.0
388.894428 0.0
388.899174 0.0
388.903832 0.0
388.908499 0.0
388.912857 0.0
388.918018 0.0
388.927376 0.0
388.936441 0.0
388.940393 0.0
388.944384 0.0
388.949106 0.0
388.953171 0.0
388.957447 -0.01275028090305924
388.961481 -0.01275028090305924
388.965446 -0.01275028090305924
388.969645 -0.03228028090305929
388.973589 -0.03228028090305929
388.977855 -0.03228028090305929
388.981856 -0.03228028090305929
388.985819 -0.03228028090305929
388.990222 0.030743133094695396
388.994171 0.030743133094695396
388.998342 0.030743133094695396
389.002306 0.030743133094695396
389.006327 0.030743133094695396
389.010543 0.11375313309469542
389.014552 0.11375313309469542
389.018554 0.11375313309469542
389.024385 0.11375313309469542
389.030845 0.10886313309469536
389.036379 0.10886313309469536
389.042058 0.10886313309469536
389.048156 0.10886313309469536
389.054432 0.08445313309469532
389.061565 0.08445313309469532
389.067181 0.08445313309469532
389.073479 0.11375313309469542
389.079359 0.11375313309469542
389.085745 0.03562313309469539
389.092737 0.03562313309469539
389.099195 0.03562313309469539
389.103966 0.0
389.108255 0.0
389.112525 0.0
389.116534 0.0
389.12062 0.0
389.125445 -0.08600028090305928
389.129821 -0.08600028090305928
389.134069 -0.08600028090305928
389.138256 -0.08600028090305928
389.142292 -0.08600028090305928
389.146535 -0.12994028090305937
389.150635 -0.12994028090305937
389.156363 -0.12994028090305937
389.165124 -0.12018028090305938
389.169383 -0.12018028090305938
389.173384 -0.12018028090305938
389.177958 -0.12018028090305938
389.182007 -0.12018028090305938
389.186393 -0.07135028090305923
389.190403 -0.07135028090305923
389.196096 -0.022520280903059294
389.201771 -0.022520280903059294
389.20772 -0.022520280903059294
389.21332 -0.022520280903059294
389.220411 0.0
389.226845 0.0
389.231663 0.0
389.237477 0.0
389.242162 0.0
389.246512 0.0
389.25085 0.0
389.25501 0.0
389.259544 -0.022520280903059294
389.263557 -0.022520280903059294
389.267907 -0.022520280903059294
389.272412 -0.022520280903059294
389.276445 -0.022520280903059294
389.281084 -0.007870280903059244
389.285013 -0.007870280903059244
389.289328 -0.007870280903059244
389.293656 -0.007870280903059244
389.29771 -0.007870280903059244
389.302298 0.0
389.306479 0.0
389.311288 0.0
389.315462 0.0
389.31974 0.0
389.324326 0.0
389.328911 0.0
389.334103 0.0
389.338257 0.0
389.344107 0.0
389.352563 0.0
389.358052 0.0
389.362565 0.0
389.369289 0.0
389.374837 0.0
389.380305 0.0
389.384971 0.0
389.389763 0.0
389.397985 0.0
389.405843 0.0
389.410226 0.0
389.416983 0.0
389.421411 0.0
389.426283 0.0
389.430737 0.0
389.434905 0.0
389.438971 0.0
389.443439 0.0
389.447653 0.0
389.452121 0.0
389.456457 0.0
389.460664 0.0
389.464996 0.0
389.469392 0.0
389.473992 0.0
389.47831 0.0
389.484057 0.0
389.488775 -0.007870280903059244
389.494017 -0.007870280903059244
389.498431 -0.007870280903059244
389.502811 -0.007870280903059244
389.508174 0.0
389.512323 0.0
389.517429 0.0
389.521918 0.0
389.526505 0.0
389.531306 0.0
389.535735 0.0
389.540201 0.0
389.544266 0.0
389.548664 0.0
389.552684 0.0
389.556747 0.0
389.561209 0.0
389.565198 0.0
389.569745 0.0
389.573987 0.0
389.578042 0.0
389.582867 0.0
389.586984 0.0
389.591778 0.0
389.595921 0.0
389.600187 0.0
389.605788 0.0
389.610867 0.0
389.615623 0.0
389.620191 0.0
389.624998 0.0
389.629397 0.0
389.634531 0.0
389.63923 0.0
389.644318 0.011213133094695347
389.649054 0.011213133094695347
389.653721 0.020973133094695336
389.658115 0.020973133094695336
389.662363 0.020973133094695336
389.667332 0.020973133094695336
389.671925 0.020973133094695336
389.678113 0.0
389.68381 0.0
389.689453 0.0
389.695284 0.0
389.700852 0.0
389.706336 0.0
389.711739 0.0
389.716907 0.0
389.722201 0.0
389.727481 0.0
389.732542 0.0
389.736999 -0.007870280903059244
389.741248 -0.007870280903059244
389.745401 -0.007870280903059244
389.74954 -0.007870280903059244
389.754921 -0.007870280903059244
389.759986 0.0
389.76439 0.0
389.769129 0.0
389.773566 0.0
389.778189 0.0
389.782605 0.0
389.787069 0.0
389.791727 0.0
389.796135 0.0
389.800553 0.0
389.804998 0.0
389.80958 0.0
389.813824 0.0
389.817995 0.0
389.822215 0.0
389.826188 0.0
389.830438 0.0
389.834477 0.0
389.838537 0.0
389.842596 0.0
389.84663 0.0
389.851035 0.0
389.860672 0.0
389.864718 0.0
389.868876 0.0
389.873023 0.0
389.877087 0.0
389.881328 0.0
389.886209 0.0
389.890848 0.0
389.895178 0.0
389.899717 0.0
389.904599 0.0
389.909064 0.0
389.913601 0.0
389.918106 0.0
389.922733 0.0
389.927463 0.0
389.932353 0.0
389.94229 0.0
389.949229 0.0
389.955539 0.0
389.961906 0.0
389.967031 0.0
389.971155 0.0
389.975977 0.0
389.980479 0.0
389.984602 0.0
389.98907 0.0
389.993216 0.0
389.99762 0.0
390.001678 0.0
390.005632 0.0
390.010114 0.0
390.014362 0.0
390.018771 0.0
390.022777 0.0
390.026725 0.0
390.030982 0.0
390.034973 0.0
390.039146 0.0
390.04336 0.0
390.047459 0.0
390.052869 0.0
390.061681 0.0
390.069553 0.0
390.074466 0.0
390.079525 0.0
390.084346 0.0
390.088908 0.0
390.09364 0.0
390.098126 0.0
390.102923 0.0
390.107393 0.0
390.113573 0.0
390.121485 0.0
390.127784 0.0
390.132745 0.0
390.138404 0.0
390.145518 0.0
390.150855 0.0
390.158193 0.0
390.163616 0.0
390.168303 0.0
390.172892 0.0
390.178499 0.0
390.183246 0.0
390.188215 0.01609313309469534
390.196192 0.01609313309469534
390.204327 0.01609313309469534
390.212668 0.03562313309469539
390.221035 0.03562313309469539
390.229412 0.01609313309469534
390.234911 0.01609313309469534
390.239126 0.01609313309469534
390.243751 0.01609313309469534
390.247721 0.01609313309469534
390.252344 -0.0176402809030593
390.25647 -0.0176402809030593
390.260686 -0.0176402809030593
390.264868 -0.0176402809030593
390.268898 -0.0176402809030593
390.27318 -0.03717028090305935
390.277493 -0.03717028090305935
390.281878 -0.07135028090305923
390.286058 -0.07135028090305923
390.290021 -0.07135028090305923
390.29851 -0.07135028090305923
390.302801 -0.03228028090305929
390.306902 -0.03228028090305929
390.311017 -0.03228028090305929
390.315198 -0.03228028090305929
390.319402 -0.03228028090305929
390.323628 0.0
390.327785 0.0
390.332291 0.0
390.338243 0.0
390.3443 0.0
390.350204 0.0
390.355947 0.0
390.361775 0.0
390.370457 0.0
390.37543 0.0
390.3792 0.0
390.383651 0.0
390.388621 0.0
390.394233 0.0
390.399977 0.0
390.404665 0.0
390.40927 0.0
390.413777 0.0
390.418456 0.011213133094695347
390.422887 0.011213133094695347
390.427816 0.011213133094695347
390.432438 0.011213133094695347
390.437299 0.01609313309469534
390.441501 0.01609313309469534
390.445721 0.01609313309469534
390.450339 0.01609313309469534
390.454749 0.01609313309469534
390.459236 0.0
390.463445 0.0
390.468219 0.0
390.472615 0.0
390.478782 0.0
390.485338 0.0
390.491458 0.0
390.497404 0.0
390.502867 0.0
390.508624 0.0
390.514945 0.0
390.520895 0.0
390.524507 0.0
390.528154 0.0
390.532258 0.0
390.535853 0.0
390.539634 0.0
390.543569 0.0
390.547234 0.0
390.5511 0.0
390.554899 0.0
390.559351 0.0
390.564322 0.0
390.569176 0.0
390.574373 0.0
390.579007 0.0
390.584195 0.0
390.589509 0.0
390.595019 0.0
390.600543 0.0
390.605116 0.0
390.610505 0.0
390.615752 0.0
390.621613 0.0
390.629006 0.0
390.634247 0.0
390.639044 0.0
390.643832 0.0
390.648492 0.0
390.653154 0.0
390.657811 0.0
390.662528 0.0
390.66759 0.0
390.672003 0.0
390.676514 0.0
390.680505 0.0
390.684717 0.0
390.689029 0.0
390.693116 0.0
390.700821 0.0
390.707786 0.0
390.713895 0.0
390.719464 0.0
390.723093 0.0
390.726784 0.0
390.731809 0.0
390.736775 0.0
390.740743 0.0
390.744398 0.0
390.74811 0.0
390.751903 0.0
390.755508 0.0
390.75932 0.0
390.763154 0.0
390.767961 0.0
390.774107 0.0
390.779843 0.0
390.785524 0.0
390.791211 0.0
390.796747 0.0
390.802684 0.0
390.811595 0.0
390.817836 0.0
390.825406 0.0
390.832603 0.0
390.839214 0.0
390.845282 0.0
390.85292 0.0
390.859168 0.0
390.865875 0.0
390.875685 0.0
390.882897 0.0
390.889225 0.0
390.895278 0.0
390.901049 0.0
390.905054 0.0
390.909176 0.0
390.91382 0.0
390.918172 0.0
390.925027 0.0
390.933085 0.0
390.938297 0.0
390.943764 0.0
390.948319 0.0
390.953163 0.0
390.957603 0.0
390.962263 0.0
390.96775 0.0
390.973368 0.0
390.978795 0.0
390.984197 0.0
390.989517 0.0
390.994865 0.0
391.000198 0.0
391.005637 0.0
391.010763 0.0
391.016072 0.0
391.021364 0.0
391.026763 0.0
391.031894 0.0
391.037247 0.0
391.042523 0.0
391.048344 0.0
391.058029 0.0
391.066503 0.0
391.073064 0.0
391.083936 0.0
391.093147 0.0
391.100677 0.0
391.107963 0.0
391.127258 0.0
391.131317 0.0
391.137384 0.0
391.142904 0.0
391.147599 0.0
391.151976 0.0
391.156818 0.0
391.161187 0.0
391.166092 0.0
391.170605 0.0
391.175811 0.0
391.181942 0.0
391.187437 0.0
391.191891 0.0
391.196616 0.0
391.201296 0.0
391.206195 0.0
391.2109 0.0
391.215622 0.0
391.220266 0.0
391.224768 0.0
391.229535 0.0
391.233925 0.0
391.238462 0.0
391.243004 0.0
391.247805 0.0
391.252273 0.0
391.256571 0.0
391.260872 0.0
391.265345 0.0
391.270128 0.0
391.274638 0.0
391.278806 0.0
391.283256 0.0
391.287594 0.0
391.292293 0.0
391.296567 0.0
391.301031 0.0
391.305294 0.0
391.309783 0.0
391.31661 0.0
391.322387 0.0
391.326629 0.0
391.333128 0.0
391.33777 0.0
391.343385 0.0
391.348006 0.0
391.372657 0.0
391.377377 0.0
391.382453 0.0
391.38664 0.0
391.390613 0.0
391.394913 0.0
391.398901 0.0
391.403137 0.0
391.407186 0.0
391.41114 0.0
391.415434 0.0
391.419427 0.0
391.423584 0.0
391.427781 0.0
391.431766 0.0
391.435943 0.0
391.440065 0.0
391.44426 0.0
391.448405 0.0
391.452416 0.0
391.456639 0.0
391.460605 0.0
391.464816 0.0
391.468909 0.0
391.473021 0.0
391.477263 -0.007870280903059244
391.481509 -0.007870280903059244
391.485743 -0.007870280903059244
391.489851 -0.007870280903059244
391.493884 -0.007870280903059244
391.498296 -0.0176402809030593
391.501957 -0.0176402809030593
391.505526 -0.0176402809030593
391.51214 -0.0176402809030593
391.516163 -0.0176402809030593
391.520558 0.025863133094695397
391.524519 0.025863133094695397
391.528652 0.025863133094695397
391.532951 0.025863133094695397
391.536976 0.025863133094695397
391.541556 0.10886313309469536
391.545532 0.10886313309469536
391.551509 0.10886313309469536
391.559399 0.10886313309469536
391.56542 0.10886313309469536
391.569954 0.10886313309469536
391.575511 0.10886313309469536
391.582884 0.10886313309469536
391.588296 0.10886313309469536
391.594091 0.10398313309469537
391.598527 0.10398313309469537
391.603118 0.10398313309469537
391.609078 0.10398313309469537
391.614076 0.07468313309469526
391.618893 0.07468313309469526
391.6238 0.07468313309469526
391.628144 0.07468313309469526
391.632841 -0.022520280903059294
391.637167 -0.022520280903059294
391.641429 -0.022520280903059294
391.645903 -0.022520280903059294
391.650285 -0.022520280903059294
391.654713 -0.1738902809030593
391.658862 -0.1738902809030593
391.663276 -0.1738902809030593
391.667677 -0.1738902809030593
391.672055 -0.1738902809030593
391.677521 -0.19830028090305934
391.682653 -0.19830028090305934
391.68688 -0.08600028090305928
391.690888 -0.08600028090305928
391.695208 -0.08600028090305928
391.699172 -0.08600028090305928
391.703247 -0.08600028090305928
391.707469 -0.0567002809030594
391.71142 -0.0567002809030594
391.715548 -0.0567002809030594
391.720751 -0.0567002809030594
391.726975 -0.0176402809030593
391.732617 -0.0176402809030593
391.736624 -0.0176402809030593
391.741121 -0.0176402809030593
391.745462 -0.0176402809030593
391.750104 0.0
391.754387 0.0
391.758491 0.0
391.762467 0.0
391.766632 0.0
391.770749 0.0
391.776109 0.0
391.781587 0.0
391.788629 0.0
391.793158 0.0
391.79945 0.0
391.804029 0.0
391.809616 0.0
391.814306 0.0
391.819344 0.0
391.824661 0.0
391.834906 0.0
391.841275 0.0
391.844847 0.0
391.848432 0.0
391.852595 0.0
391.856177 0.0
391.859738 0.0
391.863515 0.0
391.86806 0.0
391.87506 0.0
391.881541 0.03562313309469539
391.887301 0.03562313309469539
391.891232 0.03562313309469539
391.895339 0.0
391.90015 0.0
391.90474 0.0
391.908332 0.0
391.912225 0.0
391.91667 0.0
391.920803 0.0
391.925054 0.0
391.929246 0.0
391.933741 0.0
391.937962 0.0
391.942097 0.0
391.946352 0.0
391.950558 0.0
391.955036 0.0
391.959256 0.0
391.963413 0.0
391.967746 0.0
391.972028 0.0
391.976546 0.0
391.980854 0.0
391.985122 0.0
391.989598 0.0
391.993889 0.0
391.999782 0.0
392.005483 0.0
392.011194 0.0
392.015626 0.0
392.023107 0.0
392.029292 0.0
392.035199 0.0
392.039885 0.0
392.044798 0.0
392.050209 0.0
392.054991 0.0
392.059775 0.0
392.064742 0.0
392.069322 0.0
392.073602 0.0
392.077891 0.0
392.082498 0.0
392.086652 0.0
392.091079 0.0
392.095535 0.0
392.099743 0.0
392.104173 0.0
392.108358 0.0
392.11335 0.0
392.118471 0.0
392.124119 -0.0176402809030593
392.129252 -0.0176402809030593
392.134492 -0.0176402809030593
392.139735 -0.0176402809030593
392.145186 0.0
392.150241 0.0
392.155386 0.0
392.160603 0.0
392.16605 0.0
392.171213 0.0
392.176034 0.0
392.179983 0.0
392.184186 0.0
392.188207 0.0
392.192157 0.0
392.196262 0.0
392.200238 0.0
392.204455 0.0
392.208438 0.0
392.212368 0.0
392.216677 0.0
392.221156 0.0
392.225649 0.0
392.229641 0.0
392.233902 0.0
392.239332 0.0
392.244264 0.0
392.249503 0.0
392.25442 0.0
392.259739 0.0
392.265822 0.0
392.271662 0.0
392.280532 0.0
392.287126 0.0
392.293604 0.0
392.300982 0.011213133094695347
392.304912 0.011213133094695347
392.308886 0.011213133094695347
392.313204 0.0
392.317131 0.0
392.321118 0.0
392.325185 0.0
392.329168 0.0
392.333519 0.0
392.337465 0.0
392.341378 0.0
392.345515 0.0
392.349505 0.0
392.353777 0.0
392.357741 0.0
392.361642 0.0
392.365668 0.0
392.369667 0.0
392.374008 0.0
392.377971 0.0
392.382049 0.0
392.386144 0.0
392.390137 0.0
392.394162 0.0
392.398138 0.0
392.402028 0.0
392.40606 0.0
392.410005 0.0
392.413965 0.0
392.418177 0.0
392.422181 0.0
392.426288 0.0
392.430413 0.0
392.434469 0.0
392.438787 0.0
392.442848 0.0
392.447545 0.0
392.451842 0.0
392.456175 0.0
392.460474 0.0
392.4645 0.0
392.468851 0.0
392.479684 0.0
392.484345 0.0
392.48848 0.0
392.493104 0.0
392.500116 0.0
392.512197 0.0
392.521313 0.0
392.525806 0.0
392.529767 0.0
392.534058 0.0
392.538825 0.0
392.543282 0.0
392.547268 0.0
392.551319 0.0
392.555603 0.0
392.559775 0.0
392.564783 0.0
392.569236 0.0
392.574115 0.0
392.580646 0.0
392.585975 0.0
392.590385 0.0
392.594737 0.0
392.599144 0.0
392.603445 0.0
392.608176 0.0
392.612444 0.0
392.617097 0.0
392.621327 0.0
392.625736 0.0
392.630002 0.0
392.634219 0.0
392.638873 0.0
392.643108 0.0
392.647682 0.0
392.651994 0.0
392.656263 0.0
392.660821 0.0
392.665173 0.0
392.669677 0.0
392.674101 0.0
392.678597 0.0
392.683307 0.0
392.688082 0.0
392.693109 0.0
392.697342 0.0
392.702555 0.0
392.707057 0.0
392.711889 0.0
392.716166 0.0
392.720526 0.0
392.725203 0.0
392.730018 0.0
392.737815 0.0
392.744734 0.0
392.749524 0.0
392.755752 0.0
392.761754 0.0
392.767776 -0.042050280903059345
392.773659 -0.042050280903059345
392.779677 -0.042050280903059345
392.785127 -0.03717028090305935
392.789217 -0.03717028090305935
392.793398 -0.03717028090305935
392.797547 -0.03717028090305935
392.801674 -0.03717028090305935
392.806 -0.007870280903059244
392.810215 -0.007870280903059244
392.814391 -0.007870280903059244
392.818573 -0.007870280903059244
392.822575 -0.007870280903059244
392.827045 0.0
392.831036 0.0
392.835156 0.0
392.839268 0.0
392.84342 0.0
392.847784 -0.01275028090305924
392.851754 -0.01275028090305924
392.855908 -0.01275028090305924
392.859915 -0.01275028090305924
392.863948 -0.01275028090305924
392.868737 0.0
392.872765 0.0
392.876894 0.0
392.881304 0.0
392.885353 0.0
392.891804 0.0
392.897617 0.0
392.902458 0.011213133094695347
392.906054 0.011213133094695347
392.909988 0.011213133094695347
392.913776 0.011213133094695347
392.919742 0.011213133094695347
392.928394 0.0
392.935356 0.0
392.942859 0.0
392.949614 0.0
392.955662 0.0
392.959744 0.0
392.965148 0.0
392.971728 0.0
392.976721 0.0
392.981305 0.0
392.985569 0.0
392.989597 0.0
392.994486 0.0
392.998651 0.0
393.002671 0.0
393.006789 0.0
393.010806 0.0
393.015119 0.0
393.019241 0.0
393.023177 0.0
393.027312 0.0
393.031391 0.0
393.035619 0.0
393.03958 0.0
393.043625 0.0
393.047658 0.0
393.051766 0.0
393.055915 0.0
393.059997 0.0
393.063962 0.0
393.068179 0.0
393.072268 0.0
393.076283 0.0
393.080366 0.0
393.084409 0.0
393.088585 0.0
393.09263 0.0
393.096862 0.0
393.100978 0.0
393.10501 0.0
393.109391 0.0
393.113392 0.0
393.117469 0.0
393.121763 0.0
393.12577 0.0
393.130123 0.0
393.134154 0.0
393.138104 0.0
393.142156 0.0
393.146146 0.0
393.150428 0.0
393.154404 0.0
393.15841 0.0
393.162519 0.0
393.16696 0.0
393.171504 0.0
393.175546 0.0
393.179745 0.0
393.184337 0.0
393.188479 0.0
393.192784 0.0
393.196784 0.0
393.201292 0.0
393.205297 0.0
393.209758 0.0
393.219895 0.0
393.225363 0.0
393.229595 0.0
393.235284 0.0
393.240736 0.0
393.24663 0.0
393.251968 0.0
393.257435 0.0
393.263367 0.0
393.267649 0.0
393.27209 0.0
393.276373 0.0
393.280868 0.0
393.285656 0.0
393.290156 0.0
393.29468 0.0
393.298981 0.0
393.30344 0.0
393.308001 0.0
393.312426 0.0
393.316767 0.0
393.32074 0.0
393.324946 0.0
393.329018 0.0
393.333158 0.0
393.33742 0.0
393.341487 0.0
393.345603 0.0
393.349789 0.0
393.353879 0.0
393.35815 0.0
393.362173 0.0
393.366292 0.0
393.370436 0.0
393.374463 0.0
393.378812 0.0
393.382797 0.0
393.387429 0.0
393.392033 0.0
393.396534 0.0
393.401107 0.0
393.405166 0.0
393.409824 0.0
393.414179 0.0
393.418559 0.0
393.423212 0.0
393.427405 0.0
393.431844 0.0
393.435895 0.0
393.440644 0.0
393.445577 0.0
393.451068 0.0
393.455999 0.0
393.460313 0.0
393.464676 0.0
393.46874 0.0
393.473031 0.0
393.47746 0.0
393.482205 0.0
393.486788 0.0
393.491307 0.0
393.49613 0.0
393.501257 0.0
393.506803 0.0
393.512347 0.0
393.518031 0.0
393.523403 0.0
393.528778 0.0
393.533969 0.0
393.539496 0.0
393.544894 0.0
393.550142 0.0
393.555443 0.0
393.560615 0.0
393.565984 0.0
393.571383 0.0
393.576771 0.0
393.581851 0.0
393.587287 0.0
393.592751 0.0
393.597975 0.0
393.609151 0.0
393.615146 0.0
393.62057 0.0
393.626548 0.0
393.632225 0.0
393.637575 0.0
393.643072 0.0
393.648797 0.0
393.654885 0.0
393.661877 0.0
393.66725 0.0
393.672838 0.0
393.678666 0.0
393.683963 0.0
393.689594 0.0
393.694869 0.0
393.700225 0.0
393.70539 0.0
393.71064 0.0
393.715878 0.0
393.72126 0.0
393.726497 0.0
393.731957 0.0
393.737281 0.0
393.74266 0.0
393.747889 0.0
393.753474 0.0
393.757793 0.0
393.76417 0.0
393.768753 0.0
393.772898 0.0
393.777077 0.0
393.781091 0.0
393.78522 0.0
393.78937 0.0
393.793736 0.0
393.797713 0.0
393.801892 0.0
393.805972 0.0
393.810144 0.0
393.814294 0.0
393.818374 0.0
393.822683 0.0
393.827304 0.0
393.831992 0.0
393.836643 0.0
393.840798 0.0
393.844995 0.0
393.849443 0.0
393.85391 0.0
393.85827 0.0
393.862468 0.0
393.866685 0.0
393.870679 0.0
393.875389 0.0
393.880498 0.0
393.885793 0.0
393.890959 0.0
393.895505 0.0
393.899995 0.0
393.90449 0.0
393.909178 0.0
393.913463 0.0
393.917884 0.0
393.922166 0.0
393.926436 0.0
393.930923 0.0
393.935158 0.0
393.939781 0.0
393.94398 0.0
393.948317 0.0
393.952845 0.0
393.957067 0.0
393.961737 0.0
393.965907 0.0
393.970494 0.0
393.974653 0.0
393.979001 0.0
393.983196 0.0
393.987259 0.0
393.991527 0.0
393.995591 0.0
393.999632 0.0
394.004083 0.0
394.008058 0.0
394.012414 0.0
394.016397 0.0
394.020438 0.0
394.024788 0.0
394.02883 0.0
394.033022 0.0
394.03699 0.0
394.041075 0.0
394.045542 0.0
394.04996 0.0
394.054487 0.0
394.058536 0.0
394.062942 -0.007870280903059244
394.067983 -0.007870280903059244
394.072451 -0.007870280903059244
394.077454 -0.007870280903059244
394.08174 -0.007870280903059244
394.08645 -0.0176402809030593
394.090779 -0.0176402809030593
394.096306 0.0
394.100754 0.0
394.106769 0.0
394.111241 0.0
394.115728 0.11863313309469542
394.12018 0.11863313309469542
394.124381 0.11863313309469542
394.128864 0.11863313309469542
394.133034 0.11863313309469542
394.137546 0.1235131330946954
394.141731 0.1235131330946954
394.146066 0.1235131330946954
394.150326 0.1235131330946954
394.154564 0.1235131330946954
394.159207 0.13816313309469525
394.163477 0.13816313309469525
394.167726 0.13816313309469525
394.171978 0.13816313309469525
394.175989 0.13816313309469525
394.180425 0.08445313309469532
394.184413 0.08445313309469532
394.188839 0.0
394.193076 0.0
394.197124 0.0
394.201329 0.0
394.205379 0.0
394.209414 0.0
394.213553 0.0
394.217487 0.0
394.221849 -0.06158028090305939
394.225827 -0.06158028090305939
394.230033 -0.08600028090305928
394.234137 -0.08600028090305928
394.23819 -0.08600028090305928
394.242224 -0.08600028090305928
394.24643 -0.08600028090305928
394.250538 -0.13971028090305943
394.254755 -0.13971028090305943
394.25879 -0.13971028090305943
394.263163 -0.13971028090305943
394.267267 -0.13971028090305943
394.271859 -0.12994028090305937
394.276614 -0.12994028090305937
394.281502 -0.12994028090305937
394.286064 -0.12994028090305937
394.290075 -0.12994028090305937
394.294413 -0.0567002809030594
394.298883 -0.0567002809030594
394.303428 -0.0567002809030594
394.307608 -0.0567002809030594
394.311961 -0.01275028090305924
394.316056 -0.01275028090305924
394.320243 -0.01275028090305924
394.324496 -0.01275028090305924
394.329015 -0.01275028090305924
394.335529 0.011213133094695347
394.342888 0.0
394.346958 0.0
394.35138 0.0
394.355563 0.0
394.359843 0.0
394.364327 0.0
394.368381 0.0
394.372645 0.0
394.376867 0.0
394.381128 0.0
394.385373 0.0
394.389423 0.0
394.393835 0.0
394.398126 0.0
394.402685 0.0
394.407202 0.0
394.411413 0.0
394.416206 0.0
394.420326 0.0
394.425221 0.0
394.429231 0.0
394.433728 0.0
394.438863 0.0
394.443159 0.0
394.447592 0.0
394.451826 0.0
394.456024 0.0
394.460615 0.0
394.464749 0.0
394.469243 0.0
394.473403 0.0
394.478014 0.0
394.482513 0.0
394.487393 0.0
394.492742 0.0
394.499089 0.0
394.504298 0.0
394.511757 0.0
394.521632 0.0
394.526039 0.0
394.531307 0.0
394.536111 0.0
394.542555 0.0
394.547038 0.0
394.55221 0.0
394.558899 0.0
394.569865 0.0
394.575024 0.0
394.578676 0.0
394.583351 0.0
394.587108 0.0
394.591091 0.0
394.595103 0.0
394.598743 0.0
394.602387 0.0
394.606684 0.0
394.610742 0.0
394.615068 0.0
394.619079 0.0
394.623097 0.0
394.627358 0.0
394.63139 0.0
394.635551 0.0
394.63967 0.0
394.643766 0.0
394.648138 0.0
394.652169 0.0
394.656222 0.0
394.660382 0.0
394.664313 0.0
394.668614 -0.007870280903059244
394.672626 -0.007870280903059244
394.677033 -0.007870280903059244
394.681187 -0.007870280903059244
394.685188 -0.007870280903059244
394.689565 0.0
394.693601 0.0
394.697751 0.0
394.707282 0.0
394.711273 0.0
394.71546 0.0
394.7195 0.0
394.723514 0.0
394.727798 0.0
394.73189 0.0
394.735987 0.0
394.741435 0.0
394.74585 0.0
394.750538 0.0
394.754731 0.0
394.759081 0.0
394.763288 0.0
394.767661 0.0
394.773866 0.0
394.781472 0.0
394.787544 0.0
394.791434 0.0
394.795731 0.0
394.800352 0.0
394.806139 0.0
394.811383 0.0
394.816559 0.0
394.821785 0.0
394.827579 0.0
394.832762 0.0
394.838722 0.0
394.843763 0.0
394.849254 0.0
394.854384 0.0
394.860128 0.0
394.86526 0.0
394.870724 0.0
394.875855 0.0
394.882671 -0.007870280903059244
394.888677 -0.007870280903059244
394.894608 -0.007870280903059244
394.900874 0.0
394.90667 0.0
394.912591 0.0
394.918875 0.0
394.924453 0.0
394.928472 0.0
394.932749 0.0
394.936764 0.0
394.94107 0.0
394.945195 0.0
394.949576 0.0
394.953805 0.0
394.95784 0.0
394.96222 0.0
394.966762 0.0
