308.460166 0.0
308.465756 0.0
308.471726 0.0
308.477258 0.0
308.482219 0.0
308.486396 0.0
308.49087 0.0
308.49737 0.0
308.503302 0.0
308.507746 0.0
308.51284 0.0
308.518967 0.0
308.524158 0.0
308.52828 0.0
308.532809 0.0
308.537382 0.0
308.541606 0.0
308.545644 0.0
308.549642 0.0
308.554719 0.0
308.558427 0.0
308.562351 0.0
308.572596 0.0
308.577858 0.0
308.583559 0.0
308.58879 0.0
308.594371 0.0
308.599352 0.0
308.604916 0.0
308.610314 0.0
308.615493 0.0
308.619766 0.0
308.624259 0.0
308.6289 0.0
308.633493 0.0
308.638066 0.0
308.642567 0.0
308.647217 0.0
308.652747 0.0
308.657521 0.0
308.661818 0.0
308.666916 0.0
308.671541 0.0
308.677097 0.0
308.682668 0.0
308.68885 0.0
308.69532 0.0
308.701358 0.0
308.706312 0.0
308.711019 0.0
308.715528 0.0
308.719738 0.0
308.723973 0.0
308.728208 0.0
308.732271 0.0
308.736377 0.0
308.740487 0.0
308.744761 0.0
308.749006 0.0
308.75377 0.0
308.757464 0.0
308.761139 0.0
308.76501 0.0
308.768796 0.0
308.772446 0.0
308.77643 0.0
308.780647 0.0
308.784741 0.0
308.788877 0.0
308.792791 0.0
308.797012 0.0
308.801527 0.0
308.805716 0.0
308.809793 0.0
308.813808 0.0
308.817963 0.0
308.822207 0.0
308.826179 0.0
308.830419 0.0
308.83441 0.0
308.838601 0.0
308.842963 0.0
308.847039 0.0
308.851445 0.0
308.85584 0.0
308.860562 0.0
308.864806 0.0
308.868922 0.0
308.873167 0.0
308.877588 0.0
308.882429 -0.01275028090305924
308.886588 -0.01275028090305924
308.89075 -0.01275028090305924
308.894955 -0.03228028090305929
308.89892 -0.03228028090305929
308.904648 -0.03228028090305929
308.909338 -0.03228028090305929
308.915643 0.011213133094695347
308.919773 0.011213133094695347
308.924862 0.011213133094695347
308.928877 0.011213133094695347
308.932959 0.011213133094695347
308.937153 0.07957313309469533
308.941182 0.07957313309469533
308.945254 0.07957313309469533
308.949245 0.07957313309469533
308.953306 0.07957313309469533
308.957491 0.16746313309469535
308.961667 0.16746313309469535
308.965735 0.16746313309469535
308.969828 0.16746313309469535
308.973799 0.16746313309469535
308.97807 0.13328313309469525
308.982008 0.13328313309469525
308.986134 0.13328313309469525
308.990106 0.13328313309469525
308.994156 0.13328313309469525
308.998656 0.050273133094695444
309.002877 0.050273133094695444
309.007168 0.04539313309469545
309.011228 0.04539313309469545
309.015209 0.04539313309469545
309.019532 0.04539313309469545
309.023507 0.04539313309469545
309.027761 0.0
309.031774 0.0
309.035816 0.0
309.039881 0.0
309.043871 0.0
309.048246 -0.08111028090305922
309.053359 -0.08111028090305922
309.058869 -0.08111028090305922
309.064331 -0.08111028090305922
309.070146 -0.09576028090305927
309.075375 -0.09576028090305927
309.080741 -0.09576028090305927
309.086025 -0.09576028090305927
309.092133 -0.10553028090305933
309.098238 -0.10553028090305933
309.103723 -0.06646028090305939
309.109094 -0.06646028090305939
309.113417 -0.06646028090305939
309.117113 -0.06646028090305939
309.121361 -0.06646028090305939
309.125184 -0.06646028090305939
309.12882 -0.06646028090305939
309.132565 -0.06646028090305939
309.136497 -0.06646028090305939
309.140509 -0.06646028090305939
309.145307 -0.03228028090305929
309.150093 -0.03228028090305929
309.155185 -0.03228028090305929
309.159739 -0.03228028090305929
309.164529 0.0
309.170069 0.0
309.174496 0.0
309.17891 0.0
309.182871 0.0
309.187286 0.0
309.191336 0.0
309.195534 0.0
309.201098 0.0
309.205329 0.0
309.209493 0.0
309.213591 0.0
309.217963 0.0
309.222115 0.0
309.226151 0.0
309.230375 0.0
309.234512 0.0
309.238954 0.0
309.24313 0.0
309.24733 0.0
309.252243 0.0
309.256871 0.0
309.261536 0.0
309.265729 0.0
309.270096 0.0
309.274711 0.0
309.279436 0.0
309.283747 0.0
309.287885 0.0
309.292187 0.0
309.296577 0.0
309.301905 0.0
309.307408 0.0
309.312755 0.0
309.317316 0.0
309.322183 0.0
309.327758 0.0
309.332387 0.0
309.336791 0.0
309.341112 0.0
309.345502 0.0
309.350049 0.0
309.355824 0.0
309.361123 0.0
309.365559 0.0
309.369993 0.0
309.374529 0.0
309.37857 0.0
309.382679 0.0
309.387073 0.0
309.391144 0.0
309.395379 0.0
309.399432 0.0
309.403528 0.0
309.407794 0.0
309.411889 0.0
309.416089 0.0
309.420077 0.0
309.424391 0.0
309.428575 0.0
309.432774 0.0
309.437063 0.0
309.441093 0.0
309.445408 0.0
309.450337 0.0
309.454667 0.0
309.45901 0.0
309.463512 0.0
309.467786 0.0
309.472157 0.0
309.47638 0.0
309.480717 0.0
309.484944 0.0
309.489638 0.0
309.496394 0.0
309.501096 0.0
309.505107 0.0
309.511387 0.0
309.517029 0.0
309.523811 0.0
309.52951 0.0
309.534897 0.0
309.541449 0.0
309.545972 0.0
309.550262 0.0
309.554848 0.0
309.559144 0.0
309.563544 0.0
309.56796 0.0
309.57263 0.0
309.576797 0.0
309.580778 0.0
309.585471 0.0
309.58986 0.0
309.594857 0.0
309.599603 0.0
309.604725 0.0
309.609323 0.0
309.61401 0.0
309.61844 0.0
309.622554 0.0
309.627228 0.0
309.631634 0.0
309.636299 0.0
309.640506 0.0
309.644966 0.0
309.649321 0.0
309.661527 0.0
309.666409 0.0
309.672548 0.0
309.67632 0.0
309.680178 0.0
309.685487 0.0
309.690052 0.0
309.694857 0.0
309.699193 0.0
309.70466 0.0
309.709663 0.0
309.715754 0.0
309.72019 0.0
309.724825 0.0
309.729386 0.0
309.734118 0.0
309.738282 0.0
309.742338 0.0
309.746536 0.0
309.750844 0.0
309.755016 0.0
309.759219 0.0
309.763502 0.0
309.767792 0.0
309.771824 0.0
309.776069 0.0
309.780214 0.0
309.784388 0.0
309.788427 0.0
309.792581 0.0
309.796742 0.0
309.800848 0.0
309.805115 0.0
309.809115 0.0
309.813496 0.0
309.817593 0.0
309.821893 0.0
309.826139 0.0
309.830273 0.0
309.834432 0.0
309.838593 0.0
309.842678 0.0
309.84716 0.0
309.851643 0.0
309.856368 0.0
309.860468 0.0
309.865207 0.0
309.86996 0.0
309.874336 0.0
309.878491 0.0
309.882623 0.0
309.886887 0.0
309.891969 0.0
309.896663 0.0
309.901387 0.0
309.905527 0.0
309.90975 0.0
309.913913 0.0
309.918123 0.0
309.922606 0.0
309.926655 0.0
309.930881 0.0
309.934873 0.0
309.93918 0.0
309.943407 0.0
309.947495 0.0
309.951645 0.0
309.956656 0.0
309.960531 0.0
309.964486 0.0
309.968308 0.0
309.972293 0.0
309.976378 0.0
309.980863 0.0
309.985802 0.0
309.990267 0.0
309.994741 0.0
309.99911 0.0
310.004046 0.0
310.008402 0.0
310.013628 0.0
310.018073 0.0
310.022304 0.0
310.026655 0.0
310.031284 0.0
310.036749 0.0
310.041862 0.0
310.047274 0.0
310.053715 0.0
310.06049 0.0
310.065885 0.0
310.072084 0.0
310.077118 0.0
310.081481 0.0
310.086238 0.0
310.090546 0.0
310.095557 0.0
310.10065 0.0
310.105655 0.0
310.110294 0.0
310.114835 0.0
310.119803 0.0
310.124185 0.0
310.12909 0.0
310.133359 0.0
310.137834 0.0
310.142199 0.0
310.146452 0.0
310.150909 0.04539313309469545
310.155807 0.04539313309469545
310.161021 0.04539313309469545
310.166348 0.04539313309469545
310.171685 0.0
310.176882 0.0
310.1821 0.0
310.187463 0.0
310.192906 -0.04693028090305934
310.198266 -0.04693028090305934
310.203624 -0.04693028090305934
310.208869 -0.04693028090305934
310.214281 -0.0567002809030594
310.219413 -0.0567002809030594
310.224786 -0.0567002809030594
310.229833 -0.0567002809030594
310.235247 -0.0176402809030593
310.240371 -0.0176402809030593
310.246084 0.0
310.251882 0.0
310.257245 0.0
310.263062 -0.01275028090305924
310.268605 -0.01275028090305924
310.274069 -0.01275028090305924
310.27966 -0.01275028090305924
310.286112 0.0
310.292466 0.0
310.29842 0.0
310.30424 0.0
310.309881 0.0
310.315461 0.0
310.320988 0.0
310.32685 0.0
310.332032 0.0
310.337327 0.0
310.342454 0.0
310.347831 0.0
310.352945 0.0
310.358746 0.0
310.363856 0.0
310.369283 0.0
310.374792 0.0
310.379571 0.01609313309469534
310.383591 0.01609313309469534
310.387626 0.01609313309469534
310.39175 0.01609313309469534
310.3958 0.01609313309469534
310.400103 0.0
310.404106 0.0
310.408181 0.0
310.412234 0.0
310.416296 0.0
310.420516 0.0
310.424555 0.0
310.428664 0.0
310.433098 0.0
310.437048 0.0
310.441166 0.0
310.445203 0.0
310.449478 0.0
310.453919 0.0
310.458255 0.0
310.462752 0.0
310.466815 0.0
310.471134 0.0
310.475467 0.0
310.47979 0.0
310.484291 0.0
310.488451 0.0
310.492908 0.0
310.49774 0.0
310.502275 0.0
310.508535 0.0
310.516354 0.0
310.520636 0.0
310.52514 0.0
310.530148 0.0
310.535372 0.0
310.540654 0.0
310.546224 0.0
310.551931 0.0
310.558219 0.0
310.564561 0.0
310.56919 0.0
310.573764 0.0
310.578457 0.0
310.583373 0.0
310.588192 0.0
310.59223 0.0
310.596447 0.0
310.600494 0.0
310.60448 0.0
310.608767 0.0
310.612794 0.0
310.616913 0.0
310.62091 0.0
310.624997 0.0
310.629275 0.0
310.633332 0.0
310.637676 0.0
310.641762 0.0
310.645866 0.0
310.650263 0.0
310.654352 0.0
310.658903 0.0
310.663845 0.0
310.671227 0.0
310.67616 0.0
310.681854 0.0
310.686927 0.0
310.692444 0.0
310.697287 0.0
310.702121 0.0
310.70874 0.0
310.717854 0.0
310.723089 0.0
310.72718 0.0
310.731756 0.0
310.735412 0.0
310.738954 0.0
310.742945 0.0
310.746497 0.0
310.75011 0.0
310.753797 0.0
310.757461 0.0
310.761095 0.0
310.766125 0.0
310.770425 0.0
310.775077 0.0
310.779426 0.0
310.789273 0.0
310.793756 0.0
310.798052 0.0
310.802401 0.0
310.806422 0.0
310.810538 0.0
310.814732 0.0
310.81876 0.0
310.822793 0.0
310.826968 0.0
310.831005 0.0
310.835258 0.0
310.839201 0.0
310.843386 0.0
310.847387 0.0
310.851405 0.0
310.855812 0.0
310.860327 0.0
310.864979 0.0
310.869658 0.0
310.873747 0.0
310.878001 0.0
310.882215 0.0
310.887084 0.0
310.89129 0.0
310.895666 0.0
310.899832 0.0
310.903772 0.0
310.908473 0.0
310.912763 0.0
310.918014 0.0
310.923748 0.0
310.928632 0.0
310.933087 0.0
310.937577 0.0
310.942035 0.0
310.946342 0.0
310.951528 0.0
310.956763 0.0
310.962262 0.0
310.967546 0.0
310.972902 0.0
310.978239 0.0
310.983748 0.0
310.988832 0.0
310.994259 0.0
310.999478 0.0
311.00537 0.0
311.010359 0.0
311.015929 0.0
311.021618 0.0
311.027204 0.0
311.032344 0.0
311.037784 0.0
311.043074 0.0
311.048793 0.0
311.054511 0.0
311.059864 0.0
311.065683 0.0
311.071302 0.0
311.076489 0.0
311.080968 0.0
311.086038 0.0
311.091197 0.0
311.097028 0.0
311.102468 0.0
311.107952 0.0
311.113428 0.0
311.118946 0.0
311.12477 0.0
311.13002 0.0
311.135497 0.0
311.140882 0.0
311.146016 0.0
311.151382 0.0
311.156518 0.0
311.160642 0.0
311.164783 0.0
311.16883 0.0
311.172895 0.0
311.177294 0.0
311.181269 0.0
311.185456 0.0
311.189557 0.0
311.193743 0.0
311.19798 0.0
311.202004 0.0
311.206243 0.0
311.210493 0.0
311.214234 0.0
311.218156 0.0
311.221785 0.0
311.238596 0.0
311.242206 0.0
311.24585 0.0
311.249886 0.0
311.253985 0.0
311.259223 0.0
311.263982 0.0
311.268927 0.011213133094695347
311.273173 0.011213133094695347
311.277889 0.011213133094695347
311.282324 0.011213133094695347
311.286451 0.011213133094695347
311.290953 0.0
311.294968 0.0
311.299254 0.0
311.303581 0.0
311.307865 0.0
311.312915 0.01609313309469534
311.317371 0.01609313309469534
311.321749 0.01609313309469534
311.326201 0.01609313309469534
311.330906 0.030743133094695396
311.335383 0.030743133094695396
311.339583 0.030743133094695396
311.345064 0.08933313309469532
311.350224 0.08933313309469532
311.355651 0.08933313309469532
311.359954 0.08933313309469532
311.365644 0.11863313309469542
311.371967 0.11863313309469542
311.378312 0.11863313309469542
311.386334 0.07957313309469533
311.391811 0.07957313309469533
311.397752 0.07957313309469533
311.402907 0.07957313309469533
311.408786 0.04539313309469545
311.414211 0.04539313309469545
311.419843 0.04539313309469545
311.42551 0.011213133094695347
311.431228 0.011213133094695347
311.436618 0.011213133094695347
311.442452 0.011213133094695347
311.446901 0.0
311.451065 0.0
311.455126 -0.042050280903059345
311.459341 -0.042050280903059345
311.463355 -0.042050280903059345
311.467745 -0.042050280903059345
311.472339 -0.042050280903059345
311.476673 -0.08600028090305928
311.480847 -0.08600028090305928
311.48516 -0.08600028090305928
311.489486 -0.08600028090305928
311.493732 -0.08600028090305928
311.497992 -0.11529028090305932
311.501758 -0.11529028090305932
311.505357 -0.11529028090305932
311.5098 -0.11529028090305932
311.516103 -0.11529028090305932
311.525326 -0.09088028090305927
311.530032 -0.09088028090305927
311.534117 -0.09088028090305927
311.538588 -0.08600028090305928
311.542871 -0.08600028090305928
311.547096 -0.08600028090305928
311.551474 -0.08600028090305928
311.555483 -0.08600028090305928
311.559891 -0.0518202809030594
311.563917 -0.0518202809030594
311.568194 -0.0518202809030594
311.572969 -0.01275028090305924
311.577308 -0.01275028090305924
311.581676 -0.01275028090305924
311.585904 -0.01275028090305924
311.590225 -0.01275028090305924
311.594391 -0.01275028090305924
311.598364 -0.01275028090305924
311.60262 0.0
311.606596 0.0
311.610842 0.0
311.614807 0.0
311.618762 0.0
311.622878 0.0
311.626835 0.0
311.630947 0.0
311.635027 0.0
311.639031 0.0
311.643221 0.0
311.647319 0.0
311.651745 0.0
311.655837 0.0
311.659893 0.0
311.664135 0.0
311.668755 0.0
311.674406 0.011213133094695347
311.679057 0.011213133094695347
311.683997 0.011213133094695347
311.688802 0.011213133094695347
311.694731 0.0
311.700449 0.0
311.706295 0.0
311.711548 0.0
311.717368 0.0
311.72325 0.0
311.730094 0.0
311.735536 0.0
311.740863 0.0
311.74657 0.0
311.751742 0.0
311.756994 0.0
311.76229 0.0
311.768162 0.0
311.773266 0.0
311.779719 0.0
311.785996 0.0
311.79074 0.0
311.794716 0.0
311.799025 0.0
311.802958 0.0
311.806913 0.0
311.8112 0.011213133094695347
311.815189 0.011213133094695347
311.819437 -0.007870280903059244
311.823344 -0.007870280903059244
311.827599 -0.007870280903059244
311.831843 -0.007870280903059244
311.835806 -0.007870280903059244
311.840127 0.0
311.844101 0.0
311.848066 0.0
311.852261 0.0
311.856263 0.0
311.863952 0.0
311.868685 0.0
311.872776 0.0
311.87689 0.0
311.881329 0.0
311.885617 0.0
311.889715 0.0
311.893752 0.0
311.897863 0.0
311.902723 0.0
311.908994 0.0
311.915654 0.0
311.920981 0.0
311.926861 0.0
311.932339 0.0
311.937757 0.0
311.943434 0.0
311.948848 0.0
311.95423 0.0
311.959483 0.0
311.964957 0.0
311.970446 0.0
311.975904 0.0
311.981262 0.0
311.986382 0.0
311.991737 0.0
311.996919 -0.007870280903059244
312.001208 -0.007870280903059244
312.005364 -0.007870280903059244
312.01002 -0.007870280903059244
312.014153 -0.007870280903059244
312.018971 0.0
312.02356 0.0
312.028208 0.0
312.03233 0.0
312.036392 0.0
312.040556 0.0
312.04473 0.0
312.049017 0.0
312.053289 0.0
312.057768 0.0
312.062617 0.0
312.066839 0.0
312.071022 0.0
312.075355 0.0
312.079906 0.0
312.08411 0.0
312.088421 0.0
312.092786 0.0
312.096871 0.0
312.102079 0.0
312.106765 0.0
312.111757 0.0
312.115894 0.0
312.122247 0.0
312.126549 0.0
312.13084 0.0
312.135026 0.0
312.139148 0.0
312.14334 0.0
312.147298 0.0
312.151386 0.0
312.155559 0.0
312.159583 0.0
312.163977 0.0
312.167966 0.0
312.172089 0.0
312.176139 0.0
312.180148 0.0
312.184437 0.0
312.188418 0.0
312.192597 0.0
312.196651 0.0
312.200643 0.0
312.204887 0.0
312.208863 0.0
312.213066 0.0
312.218533 0.0
312.222727 0.0
312.227532 0.0
312.231636 0.0
312.235842 0.0
312.240114 0.0
312.244095 0.0
312.248498 0.0
312.252485 0.0
312.256997 0.0
312.261597 0.0
312.265566 0.0
312.269806 0.0
312.274148 0.0
312.278731 0.0
312.284556 0.0
312.289094 0.0
312.293138 0.0
312.297849 0.0
312.302838 0.0
312.307336 0.0
312.311529 0.0
312.315113 0.0
312.319763 0.0
312.323959 0.0
312.328167 0.0
312.332769 0.0
312.336715 0.0
312.340857 0.0
312.35036 0.0
312.354614 0.01609313309469534
312.358711 0.01609313309469534
312.363003 0.01609313309469534
312.367148 0.01609313309469534
312.371134 0.01609313309469534
312.37546 0.0
312.379455 0.0
312.3836 0.0
312.387585 0.0
312.391615 0.0
312.396388 0.0
312.400434 0.0
312.404466 0.0
312.408537 0.0
312.412516 0.0
312.416765 -0.01275028090305924
312.420739 -0.01275028090305924
312.424982 -0.01275028090305924
312.429151 -0.01275028090305924
312.433366 -0.01275028090305924
312.437732 -0.04693028090305934
312.441756 -0.04693028090305934
312.446151 -0.0518202809030594
312.450139 -0.0518202809030594
312.45417 -0.0518202809030594
312.45854 -0.0518202809030594
312.463028 -0.0518202809030594
312.467534 -0.0176402809030593
312.471677 -0.0176402809030593
312.475864 -0.0176402809030593
312.480205 -0.0176402809030593
312.484579 -0.0176402809030593
312.489226 0.0
312.493334 0.0
312.497983 0.0
312.502085 0.0
312.509046 0.0
312.517105 0.0
312.523045 0.0
312.528475 0.0
312.532828 0.0
312.537013 0.0
312.541481 0.0
312.545523 0.0
312.550143 0.0
312.554294 0.0
312.558399 0.0
312.563319 0.025863133094695397
312.567651 0.025863133094695397
312.573319 0.025863133094695397
312.577886 0.025863133094695397
312.582344 0.01609313309469534
312.586533 0.01609313309469534
312.590784 0.01609313309469534
312.595168 0.01609313309469534
312.599348 0.01609313309469534
312.603522 0.011213133094695347
312.60754 0.011213133094695347
312.611501 0.011213133094695347
312.615672 0.011213133094695347
312.619707 0.011213133094695347
312.62414 0.0
312.628117 0.0
312.63227 0.0
312.636661 0.0
312.640705 0.0
312.645017 0.0
312.648997 0.0
312.653094 0.0
312.657268 0.0
312.661519 0.0
312.666082 0.0
312.670407 0.0
312.674432 0.0
312.679065 0.0
312.683136 0.0
312.687332 0.0
312.691405 0.0
312.695596 0.0
312.69967 0.0
312.703999 0.0
312.708586 0.0
312.713303 0.0
312.717507 0.0
312.721436 0.0
312.725749 0.0
312.730016 0.0
312.735364 0.0
312.74322 0.0
312.747108 0.0
312.751073 0.0
312.755152 0.0
312.758993 0.0
312.762825 0.0
312.767063 0.0
312.771389 0.0
312.775428 0.0
312.779585 0.0
312.783552 0.0
312.787847 0.0
312.791994 0.0
312.796042 0.0
312.800124 0.0
312.804244 0.0
312.808419 0.0
312.812504 0.0
312.816521 0.0
312.820734 0.0
312.825165 0.0
312.829255 0.0
312.833916 0.0
312.838224 0.0
312.843297 0.0
312.84832 0.0
312.853887 0.0
312.859355 0.0
312.865853 0.0
312.871542 0.0
312.876906 0.0
312.883389 0.0
312.889108 0.0
312.894679 0.0
312.900148 0.0
312.906375 0.0
312.912368 0.0
312.918479 0.0
312.923998 0.0
312.92989 0.0
312.935405 0.0
312.940801 0.0
312.946185 0.0
312.951298 0.0
312.957202 0.0
312.9616 0.0
312.965156 0.0
312.969863 0.0
312.97429 0.0
312.979029 0.0
312.983356 0.0
312.987629 0.0
312.99208 0.0
312.996427 0.0
313.000964 0.0
313.005133 0.0
313.009494 0.0
313.013777 0.0
313.018242 0.0
313.022749 0.0
313.026987 0.0
313.031574 0.0
313.035978 0.0
313.0406 0.0
313.045108 0.0
313.049759 0.0
313.054606 0.0
313.059994 0.0
313.065638 0.0
313.072023 0.0
313.077671 0.0
313.082939 0.0
313.088429 0.0
313.09472 0.0
313.100802 0.0
313.106384 0.0
313.112026 0.0
313.11742 0.0
313.122858 0.0
313.128288 0.0
313.13375 0.0
313.138777 0.0
313.144141 0.0
313.14929 0.0
313.154624 0.0
313.159842 0.0
313.166113 0.0
313.170546 0.0
313.176631 0.0
313.182967 0.0
313.189376 0.0
313.195157 0.0
313.200911 0.0
313.206909 0.0
313.211881 0.0
313.216141 0.0
313.22064 0.0
313.225232 0.0
313.230325 0.0
313.234791 0.0
313.239106 0.0
313.24335 0.0
313.247846 0.0
313.252384 0.0
313.257077 0.0
313.262347 0.0
313.267292 0.0
313.272029 0.0
313.276473 0.0
313.281634 0.0
313.28602 0.0
313.290324 0.0
313.294807 0.0
313.299277 0.0
313.303546 0.0
313.307952 0.0
313.312751 0.0
313.317552 0.0
313.322094 0.0
313.326572 0.0
313.331017 0.0
313.335406 0.0
313.339483 0.0
313.343763 0.0
313.348042 0.0
313.352129 0.0
313.356393 0.0
313.360436 0.0
313.364758 0.0
313.369089 0.0
313.373298 0.0
313.377483 0.0
313.381543 0.0
313.385911 0.0
313.389876 0.0
313.394126 0.0
313.398404 0.0
313.40241 0.0
313.406813 0.0
313.410892 0.0
313.41507 0.0
313.419431 0.10886313309469536
313.423403 0.10886313309469536
313.427674 0.10886313309469536
313.431844 0.10886313309469536
313.43627 0.10886313309469536
313.440614 0.10886313309469536
313.444719 0.10886313309469536
313.449008 0.10886313309469536
313.459833 0.09422313309469538
313.46421 0.09422313309469538
313.468511 0.09422313309469538
313.473086 0.05515313309469544
313.47732 0.05515313309469544
313.481795 0.05515313309469544
313.486115 0.05515313309469544
313.490757 0.030743133094695396
313.495275 0.030743133094695396
313.499511 0.030743133094695396
313.504455 0.030743133094695396
313.510402 0.030743133094695396
313.515457 0.0
313.519173 0.0
313.522926 0.0
313.526756 0.0
313.530438 0.0
313.534296 -0.07623028090305922
313.537838 -0.07623028090305922
313.541455 -0.07623028090305922
313.545156 -0.07623028090305922
313.548784 -0.07623028090305922
313.552566 -0.07135028090305923
313.556358 -0.07135028090305923
313.55989 -0.07135028090305923
313.565862 -0.07135028090305923
313.573789 -0.09576028090305927
313.57959 -0.09576028090305927
313.584362 -0.06646028090305939
313.588746 -0.06646028090305939
313.593145 -0.06646028090305939
313.597826 -0.06646028090305939
313.602163 -0.06646028090305939
313.607201 -0.0518202809030594
313.612279 -0.0518202809030594
313.617503 -0.0518202809030594
313.622825 -0.0518202809030594
313.628192 -0.027400280903059293
313.633319 -0.027400280903059293
313.638793 -0.027400280903059293
313.644032 -0.027400280903059293
313.649427 -0.0176402809030593
313.654959 -0.0176402809030593
313.6603 -0.0176402809030593
313.665202 -0.0176402809030593
313.670432 0.0
313.675242 0.0
313.680916 0.0
313.686748 0.0
313.692356 0.0
313.697942 0.0
313.703144 0.0
313.710741 0.0
313.717102 0.0
313.722979 0.0
313.728598 0.0
313.733667 0.0
313.73827 0.0
313.742895 0.0
313.747327 0.0
313.752266 0.0
313.757674 0.0
313.763191 0.0
313.768614 0.0
313.773891 0.0
313.779271 0.0
313.784402 0.0
313.789841 0.0
313.795397 0.0
313.800781 0.0
313.806313 0.0
313.811957 0.0
313.81717 0.0
313.822662 0.0
313.827841 0.0
313.833396 0.0
313.838646 0.0
313.844077 0.0
313.849416 0.0
313.855902 0.0
313.861333 0.0
313.867105 0.0
313.872941 0.0
313.878824 0.0
313.88421 0.0
313.890205 0.0
313.896808 0.0
313.902412 0.0
313.908268 0.0
313.913771 0.0
313.919277 0.0
313.924447 0.0
313.930283 0.0
313.935279 0.0
313.94078 0.0
313.945908 0.0
313.951454 0.0
313.956657 0.0
313.962266 0.0
313.967544 0.0
313.972941 0.0
313.978381 0.0
313.983904 0.0
313.989286 0.0
313.994726 0.0
314.000005 0.0
314.00536 0.0
314.010571 0.0
314.014548 0.0
314.018597 0.0
314.022854 0.0
314.027037 0.0
314.031231 0.0
314.035422 0.0
314.039482 0.0
314.044131 0.0
314.048198 0.0
314.05403 0.0
314.058566 0.0
314.064315 0.0
314.069978 0.0
314.075597 0.0
314.081017 0.0
314.087871 0.0
314.093599 0.0
314.099232 0.0
314.105196 0.0
314.111629 0.0
314.118397 0.0
314.123756 0.0
314.129459 0.0
314.135063 0.0
314.140612 0.0
314.145889 0.0
314.151308 0.0
314.156495 0.0
314.16056 0.0
314.164651 0.0
314.168755 0.0
314.173052 0.0
314.17731 0.0
314.181478 0.0
314.185495 0.0
314.190006 0.0
314.194308 0.0
314.19855 0.0
314.202795 0.0
314.206879 0.0
314.210902 0.0
314.21517 0.0
314.219619 0.0
314.223744 0.0
314.228061 0.0
314.232058 0.0
314.236682 0.0
314.24044 0.0
314.244155 0.0
314.248157 0.0
314.251806 0.0
314.255417 0.0
314.25975 0.0
314.264055 0.0
314.269018 0.0
314.273097 0.0
314.277208 0.0
314.281809 0.0
314.286096 0.0
314.290627 0.0
314.294668 0.0
314.298948 0.0
314.303728 0.0
314.308604 0.0
314.314196 0.0
314.318822 0.0
314.323511 0.0
314.32823 0.0
314.332814 0.0
314.337235 0.0
314.341673 0.0
314.346657 0.0
314.350965 0.0
314.356158 0.0
314.362336 0.0
314.36872 0.0
314.374559 0.0
314.379301 0.0
314.384019 0.0
314.38976 0.0
314.395014 0.0
314.400627 0.0
314.406044 0.0
314.411352 0.0
314.416458 0.0
314.421783 0.0
314.426395 0.0
314.431061 0.0
314.435359 0.0
314.440995 0.0
314.446568 0.0
314.452007 0.0
314.457437 0.0
314.463359 0.0
314.472857 0.0
314.481856 0.0
314.486035 0.0
314.490604 0.0
314.495265 0.0
314.49977 0.0
314.504268 0.0
314.508636 0.0
314.51319 0.0
314.517758 0.0
314.523051 0.0
314.528266 0.0
314.534016 0.0
314.539409 0.0
314.54403 0.025863133094695397
314.548151 0.025863133094695397
314.552448 0.025863133094695397
314.556605 0.025863133094695397
314.561018 0.0
314.565162 0.0
314.569363 0.0
314.573632 -0.042050280903059345
314.578096 -0.042050280903059345
314.582289 -0.042050280903059345
314.586501 -0.042050280903059345
314.590858 -0.042050280903059345
314.595196 0.0
314.59927 0.0
314.604591 0.0
314.610891 0.0
314.615534 0.0
314.619554 0.0
314.62379 0.0
314.627804 0.0
314.631991 0.0
314.636158 0.0
314.645732 0.0
314.649717 0.0
314.654144 -0.0176402809030593
314.658163 -0.0176402809030593
314.662298 -0.0176402809030593
314.666798 0.0
314.670816 0.0
314.674792 0.0
314.679001 0.0
314.686455 0.0
314.691591 0.0
314.696021 0.0
314.702317 0.0
314.707915 0.0
314.713073 0.0
314.717916 0.0
314.722434 0.0
314.730655 0.020973133094695336
314.739795 0.020973133094695336
314.744186 0.020973133094695336
314.749272 0.025863133094695397
314.753517 0.025863133094695397
314.757521 0.025863133094695397
314.761948 0.025863133094695397
314.765896 0.025863133094695397
314.770112 0.011213133094695347
314.774195 0.011213133094695347
314.778307 0.011213133094695347
314.782671 0.0
314.786748 0.0
314.790741 0.0
314.79481 0.0
314.798879 0.0
314.803154 0.0
314.807108 0.0
314.811252 0.0
314.815274 0.0
314.819267 0.0
314.823652 0.0
314.827611 0.0
314.831652 0.0
314.835791 0.0
314.839849 0.0
314.844174 0.0
314.848258 0.0
314.852324 0.0
314.856467 0.0
314.860541 0.0
314.865023 0.0
314.869014 0.0
314.875844 0.0
314.882486 0.0
314.888783 0.0
314.893022 0.0
314.899662 0.0
314.906454 0.0
314.911775 0.0
314.916886 0.0
314.921389 0.0
314.926316 0.0
314.934016 0.0
314.943508 0.0
314.947379 0.0
314.951089 0.0
314.955578 0.0
314.959464 0.0
314.963109 0.0
314.966793 0.0
314.970811 0.0
314.974965 0.0
314.979394 0.0
314.983773 0.0
314.98835 0.0
314.9928 0.0
314.997112 0.0
315.001439 0.0
315.005466 0.0
315.009674 0.0
315.01412 0.0
315.018408 0.0
315.035782 0.0
315.041013 0.0
315.046941 0.0
315.052273 0.0
315.057648 0.0
315.063263 0.0
315.068494 0.0
315.074275 0.0
315.079968 0.0
315.085753 0.0
315.09075 0.0
315.096331 0.0
315.101841 0.0
315.107195 0.0
315.113289 0.0
315.119363 0.0
315.125137 0.0
315.130477 0.0
315.13586 0.0
315.141438 0.0
315.146844 0.0
315.15228 0.0
315.15751 0.0
315.162832 0.0
315.167919 0.0
315.173205 0.0
315.178554 0.0
315.183777 0.0
315.189046 0.0
315.194363 0.0
315.1996 0.0
315.204801 0.0
315.209992 0.0
315.215311 0.0
315.220618 0.0
315.225749 0.0
315.230861 0.0
315.236039 0.0
315.241517 0.0
315.246765 0.0
315.252121 0.0
315.257347 0.0
315.262673 0.0
315.268284 0.0
315.274293 0.0
315.279723 0.0
315.285281 0.0
315.291217 0.0
315.297056 0.0
315.302855 0.0
315.307996 0.0
315.314066 0.0
315.320036 0.0
315.326097 0.0
315.331392 0.0
315.33728 0.0
315.342494 0.0
315.347762 0.0
315.353047 0.0
315.358362 0.0
315.363419 0.0
315.368741 0.0
315.373833 0.0
315.379263 0.0
315.384359 0.0
315.389733 0.0
315.394859 0.0
315.400257 0.0
315.405361 0.0
315.410774 0.0
315.415802 0.0
315.421175 0.0
315.426461 0.0
315.431759 0.0
315.436966 0.0
315.442312 0.0
315.447814 0.0
315.45316 0.0
315.458446 0.0
315.463848 0.0
315.470041 0.0
315.475249 0.0
315.480915 0.0
315.486306 0.0
315.491775 0.0
315.496644 0.0
315.50149 0.0
315.507493 0.0
315.514894 0.11863313309469542
315.520685 0.1235131330946954
315.526096 0.1235131330946954
315.531815 0.1235131330946954
315.538799 0.1235131330946954
315.547618 0.07468313309469526
315.555544 0.07468313309469526
315.563181 0.06492313309469527
315.56767 0.06492313309469527
315.572801 0.06492313309469527
315.580124 0.06492313309469527
315.5853 0.025863133094695397
315.589611 0.025863133094695397
315.595385 0.025863133094695397
315.601859 0.025863133094695397
315.60763 0.0
315.61174 0.0
315.617791 -0.03717028090305935
315.623336 -0.03717028090305935
315.628144 -0.03717028090305935
315.631723 -0.03717028090305935
315.63586 -0.09088028090305927
315.639441 -0.09088028090305927
315.643024 -0.09088028090305927
315.646818 -0.09088028090305927
315.650427 -0.09088028090305927
315.654112 -0.09088028090305927
315.657907 -0.08600028090305928
315.661477 -0.08600028090305928
315.665183 -0.08600028090305928
315.6688 -0.08600028090305928
315.672393 -0.08600028090305928
315.676652 -0.04693028090305934
315.680793 -0.04693028090305934
315.685185 -0.04693028090305934
315.689833 -0.04693028090305934
315.694079 -0.04693028090305934
315.698504 -0.0518202809030594
315.702499 -0.0518202809030594
315.706903 -0.0518202809030594
315.711433 -0.03228028090305929
315.715576 -0.03228028090305929
315.719982 -0.03228028090305929
315.723966 -0.03228028090305929
315.728181 -0.022520280903059294
315.732269 -0.022520280903059294
315.737018 -0.022520280903059294
315.742537 -0.022520280903059294
315.747648 -0.022520280903059294
315.752418 0.0
315.756867 0.0
315.761459 0.0
315.765716 0.0
315.770278 -0.01275028090305924
315.774742 -0.01275028090305924
315.779001 -0.01275028090305924
315.7835 -0.01275028090305924
315.787719 -0.01275028090305924
315.792476 0.0
315.796748 0.0
315.801074 0.0
315.805169 0.0
315.809146 0.0
315.813435 0.0
315.817439 0.0
315.8219 0.0
315.826192 0.0
315.830182 0.0
315.834635 0.0
315.838607 0.0
315.842834 0.0
315.847017 0.0
315.850988 0.0
315.855279 0.0
315.859379 0.0
315.863611 0.0
315.86779 0.0
315.871847 0.0
315.876308 0.0
315.880684 0.0
315.884873 0.0
315.889443 0.0
315.893591 0.0
315.898052 0.0
315.90211 0.0
315.906271 0.0
315.91041 0.0
315.914571 0.0
315.919134 0.0
315.923664 0.0
315.928275 0.0
315.932461 0.0
315.936746 0.0
315.941143 0.0
315.94519 0.0
315.949264 0.0
315.953372 0.0
315.957823 0.0
315.961891 0.0
315.965848 0.0
315.970025 0.0
315.974086 0.0
315.978244 0.0
315.982404 0.0
315.986484 0.0
315.990509 0.0
315.994556 0.0
315.998894 0.0
316.00287 0.0
316.006977 0.0
316.011006 0.0
316.01518 0.0
316.019395 0.0
316.023357 0.0
316.027478 0.0
316.031545 0.0
316.035656 0.0
316.040197 0.0
316.044321 0.0
316.04847 0.0
316.052783 0.0
316.057064 0.0
316.061244 0.0
316.06524 0.0
316.069397 0.0
316.07382 0.0
316.0783 0.0
316.082748 0.0
316.086839 0.0
316.091304 0.0
316.095529 0.0
316.10017 0.0
316.104548 0.0
316.108867 0.0
316.113117 0.0
316.117126 0.0
316.121402 0.0
316.125802 0.0
316.130237 0.0
316.135342 0.0
316.140088 0.0
316.144999 0.0
316.149393 0.0
316.154044 0.0
316.158235 0.0
316.162377 0.0
316.166411 0.0
316.170502 0.0
316.174867 0.0
316.178852 0.0
316.188656 0.0
316.192665 0.0
316.196903 0.0
316.200946 0.0
316.20503 0.0
316.209354 -0.007870280903059244
316.213377 -0.007870280903059244
316.217414 -0.007870280903059244
316.221526 -0.007870280903059244
316.225482 -0.007870280903059244
316.229815 0.0
316.233749 0.0
316.237863 0.0
316.244629 0.0
316.252257 0.0
316.256318 0.0
316.26078 0.0
316.264792 0.0
316.268753 0.0
316.273529 0.0
316.277862 0.0
316.282319 0.0
316.286363 0.0
316.290674 0.0
316.295016 0.0
316.299408 0.0
316.303823 0.0
316.307874 0.0
316.312976 0.0
316.317856 0.0
316.322839 0.0
316.327562 0.0
316.331557 0.0
316.336317 0.0
316.340579 0.0
316.345007 0.0
316.349037 0.0
316.353174 0.0
316.357579 0.0
316.361547 0.0
316.365892 0.0
316.369896 0.0
316.374305 0.0
316.378472 0.0
316.382525 0.0
316.386896 0.0
316.391011 0.0
316.395189 0.0
316.399523 0.0
316.403466 0.0
316.407728 0.0
316.411748 0.0
316.416034 0.0
316.420152 0.0
316.424178 0.0
316.428264 0.0
316.432456 0.0
316.436764 0.0
316.441094 0.0
316.445101 0.0
316.449324 0.0
316.453686 0.0
316.458315 0.0
