299.500014 0.0
299.503671 0.0
299.508291 0.0
299.5144 0.0
299.518411 0.0
299.522477 0.0
299.526758 0.0
299.530824 0.0
299.534853 0.0
299.539364 0.0
299.543381 0.0
299.547529 0.0
299.551567 0.0
299.555741 0.0
299.560055 0.0
299.564297 0.0
299.568542 0.0
299.572897 0.0
299.577118 0.0
299.581283 0.0
299.585867 0.0
299.590103 0.0
299.594155 0.0
299.598438 0.0
299.602529 0.0
299.606647 0.0
299.611357 0.0
299.616167 0.0
299.622073 0.0
299.626619 0.0
299.631673 0.0
299.636393 0.0
299.641479 0.0
299.645755 0.0
299.650205 0.0
299.655275 0.0
299.660105 0.0
299.6654 0.0
299.671119 0.0
299.676869 0.0
299.683584 0.0
299.687789 0.0
299.692475 0.0
299.697212 0.0
299.701473 0.0
299.706108 0.0
299.710353 0.0
299.715818 0.0
299.721617 0.0
299.72687 0.0
299.732735 0.0
299.739277 0.0
299.745568 0.0
299.75002 0.0
299.754077 0.0
299.758353 0.0
299.76243 0.0
299.766446 0.0
299.770627 0.0
299.77462 0.0
299.778723 0.0
299.782713 0.0
299.786674 0.0
299.790991 0.0
299.795017 0.0
299.813196 0.0
299.817218 0.0
299.821842 0.0
299.828091 0.0
299.833521 0.0
299.839187 0.0
299.844919 0.0
299.850283 0.0
299.855754 0.0
299.862016 0.0
299.868599 0.0
299.874135 0.0
299.879711 0.0
299.885102 0.0
299.889148 0.0
299.893327 0.0
299.897614 0.0
299.901572 0.0
299.905613 0.0
299.909621 0.0
299.913652 0.0
299.917969 0.0
299.92195 0.0
299.92588 0.0
299.930291 0.0
299.934485 0.0
299.93871 0.0
299.942662 0.0
299.946591 0.0
299.950744 0.0
299.95478 0.0
299.95887 0.0
299.962817 0.0
299.966787 0.0
299.971023 0.0
299.974985 0.0
299.979129 -0.022520280903059294
299.983064 -0.022520280903059294
299.98709 -0.022520280903059294
299.99128 -0.022520280903059294
299.995284 -0.022520280903059294
299.999448 -0.04693028090305934
300.003418 -0.04693028090305934
300.007513 -0.04693028090305934
300.01212 0.05515313309469544
300.016133 0.05515313309469544
300.020165 0.05515313309469544
300.024366 0.05515313309469544
300.028788 0.05515313309469544
300.03328 0.14304313309469524
300.037666 0.14304313309469524
300.041715 0.14304313309469524
300.045846 0.14304313309469524
300.05052 0.1235131330946954
300.054883 0.1235131330946954
300.059546 0.1235131330946954
300.063877 0.1235131330946954
300.068176 0.1235131330946954
300.072876 0.08933313309469532
300.07765 0.08933313309469532
300.083363 0.08933313309469532
300.088987 0.08933313309469532
300.094247 0.06980313309469527
300.099714 0.06980313309469527
300.105263 0.06980313309469527
300.11031 0.06980313309469527
300.115588 0.06980313309469527
300.120767 0.06980313309469527
300.126231 0.01609313309469534
300.131363 0.01609313309469534
300.136673 0.01609313309469534
300.141963 0.01609313309469534
300.14765 -0.07623028090305922
300.151809 -0.07623028090305922
300.1561 -0.07623028090305922
300.160073 -0.07623028090305922
300.164022 -0.07623028090305922
300.168796 -0.12506028090305937
300.172795 -0.12506028090305937
300.177149 -0.12506028090305937
300.18113 -0.12506028090305937
300.185104 -0.12506028090305937
300.18963 -0.12994028090305937
300.193619 -0.12994028090305937
300.19819 -0.12994028090305937
300.202206 -0.12994028090305937
300.206388 -0.09088028090305927
300.210778 -0.09088028090305927
300.214818 -0.09088028090305927
300.219617 -0.03228028090305929
300.224608 -0.03228028090305929
300.232137 -0.03228028090305929
300.236972 -0.03228028090305929
300.242983 -0.0176402809030593
300.247891 -0.0176402809030593
300.253922 -0.0176402809030593
300.25859 0.0
300.265594 0.0
300.274266 0.0
300.278252 0.0
300.282492 0.0
300.287985 0.0
300.29278 0.0
300.297766 0.0
300.302396 -0.0176402809030593
300.307459 -0.0176402809030593
300.311847 0.0
300.316269 0.0
300.320662 0.0
300.32516 0.0
300.329558 0.0
300.334432 0.0
300.33865 0.0
300.342966 0.0
300.347224 0.0
300.351592 0.0
300.356076 0.0
300.360012 0.0
300.364175 0.0
300.368173 0.0
300.372252 0.0
300.379218 0.0
300.385723 0.0
300.38977 0.0
300.393753 0.0
300.399093 0.01609313309469534
300.404501 0.01609313309469534
300.410396 0.01609313309469534
300.416488 0.0
300.420668 0.0
300.425044 0.0
300.433067 0.0
300.440031 0.0
300.445536 0.0
300.450982 0.0
300.458892 0.0
300.464185 0.0
300.469898 0.0
300.474456 0.0
300.483453 0.0
300.491115 0.0
300.495602 0.0
300.500802 0.0
300.504889 0.0
300.510727 0.0
300.515322 0.0
300.519642 0.0
300.524569 0.0
300.52875 0.0
300.533136 0.0
300.537478 0.0
300.54175 0.0
300.546423 0.0
300.550503 0.0
300.554731 0.0
300.559004 0.0
300.563242 0.0
300.568199 0.0
300.572745 0.0
300.57711 0.0
300.581107 0.0
300.5868 0.0
300.591 0.0
300.59514 0.0
300.599368 0.0
300.603452 0.0
300.607794 0.0
300.611883 0.0
300.616039 0.0
300.620422 0.0
300.624809 0.0
300.629571 0.0
300.633571 0.0
300.638311 0.0
300.642555 0.0
300.646974 0.0
300.651746 0.0
300.656334 0.0
300.661668 0.0
300.666732 0.0
300.672028 0.0
300.676523 0.0
300.681332 0.0
300.685664 0.0
300.690087 0.0
300.696363 0.0
300.701249 0.0
300.706192 0.0
300.71067 0.0
300.714911 0.0
300.719096 0.0
300.723443 0.0
300.727604 0.0
300.731968 0.0
300.737289 0.0
300.741762 0.0
300.746275 0.0
300.750843 0.0
300.756095 0.0
300.761298 0.0
300.766472 0.0
300.77175 0.0
300.77689 0.0
300.782194 0.0
300.787319 0.0
300.792669 0.0
300.797895 0.0
300.803183 0.0
300.808466 0.0
300.813751 0.0
300.819072 0.0
300.825075 0.0
300.831358 0.0
300.836758 0.0
300.842392 0.0
300.848163 0.0
300.854025 0.0
300.859257 0.0
300.86535 0.0
300.871498 0.0
300.877147 0.0
300.881346 0.0
300.886055 0.0
300.89024 0.0
300.894813 0.0
300.899178 0.0
300.903411 0.0
300.908613 0.0
300.913747 0.0
300.919076 0.0
300.92425 0.0
300.92975 0.0
300.934769 0.0
300.94013 0.0
300.945596 0.0
300.951147 0.0
300.956366 0.0
300.961642 0.0
300.972311 0.0
300.97736 0.0
300.982853 0.0
300.987858 0.0
300.993123 0.0
300.998273 0.0
301.003789 0.0
301.008797 0.0
301.014392 0.0
301.020143 0.0
301.025826 0.0
301.03159 0.0
301.037274 0.0
301.042626 0.0
301.04843 0.0
301.054649 0.0
301.061069 0.0
301.066605 0.0
301.072204 0.0
301.077843 0.0
301.083124 0.0
301.087878 0.0
301.093171 0.0
301.099357 0.0
301.104351 0.0
301.109856 0.0
301.114851 0.0
301.120399 0.0
301.125389 0.0
301.130986 0.0
301.136678 0.0
301.141172 0.0
301.145308 0.0
301.149594 0.0
301.153852 0.0
301.15782 0.0
301.1619 0.0
301.165988 0.0
301.170139 0.0
301.17421 0.0
301.178265 0.0
301.182236 0.0
301.186357 0.0
301.190478 0.0
301.19464 0.0
301.198592 0.0
301.20262 0.0
301.206683 0.0
301.211078 0.0
301.215112 0.0
301.219158 0.0
301.223449 0.0
301.228107 0.0
301.232744 0.0
301.237206 0.0
301.241394 0.0
301.245317 0.0
301.249896 0.0
301.25444 0.0
301.258881 0.0
301.263102 0.0
301.267123 0.0
301.271334 0.0
301.276089 0.0
301.281293 0.0
301.286675 0.0
301.291161 0.0
301.296395 0.0
301.301055 0.0
301.306479 -0.03228028090305929
301.311859 -0.03228028090305929
301.317126 -0.03228028090305929
301.32261 -0.03228028090305929
301.328041 -0.042050280903059345
301.333324 -0.042050280903059345
301.338735 -0.042050280903059345
301.344059 -0.042050280903059345
301.34939 -0.04693028090305934
301.35522 -0.007870280903059244
301.36026 -0.007870280903059244
301.365623 -0.007870280903059244
301.370763 -0.007870280903059244
301.376204 0.0
301.381268 0.0
301.386673 0.0
301.391991 0.0
301.397521 0.0
301.401501 0.0
301.405594 0.0
301.409966 0.0
301.414108 0.0
301.4186 0.0
301.422845 0.0
301.427548 0.0
301.432019 0.0
301.435978 0.0
301.440576 0.0
301.444715 0.0
301.449314 0.0
301.453461 0.0
301.457522 0.0
301.462779 0.0
301.468039 0.0
301.474392 0.01609313309469534
301.478912 0.01609313309469534
301.483734 0.01609313309469534
301.487979 0.01609313309469534
301.492717 0.0
301.497028 0.0
301.501436 0.0
301.505747 0.0
301.510049 0.0
301.51454 0.0
301.518797 0.0
301.523027 0.0
301.527387 0.0
301.531529 0.0
301.536135 0.0
301.540291 0.0
301.544639 0.0
301.548871 0.0
301.553102 0.0
301.557353 0.0
301.561264 0.0
301.5655 0.0
301.569604 0.0
301.574065 0.0
301.578174 0.0
301.582201 0.0
301.586216 0.0
301.590507 0.0
301.594574 0.0
301.599016 0.0
301.602989 0.0
301.607253 0.0
301.611382 0.0
301.615422 0.0
301.619573 0.0
301.623899 0.0
301.628594 0.0
301.63317 0.0
301.637358 0.0
301.641541 0.0
301.64586 0.0
301.650583 0.0
301.654947 0.0
301.659143 0.0
301.663368 0.0
301.667596 0.0
301.672134 0.0
301.67666 0.0
301.681761 0.0
301.685945 0.0
301.690307 0.0
301.694789 0.0
301.699123 0.0
301.70314 0.0
301.707403 0.0
301.711554 0.0
301.715747 0.0
301.719918 0.0
301.72398 0.0
301.728086 0.0
301.732229 0.0
301.736374 0.0
301.740597 0.0
301.744654 0.0
301.7488 0.0
301.752876 0.0
301.757115 0.0
301.761467 0.011213133094695347
301.765441 0.011213133094695347
301.769575 0.011213133094695347
301.773721 0.011213133094695347
301.777859 0.011213133094695347
301.782091 0.0
301.786066 0.0
301.790215 0.0
301.794431 0.0
301.798528 0.0
301.80282 0.0
301.806816 0.0
301.81104 0.0
301.815112 0.0
301.819336 0.0
301.824055 0.0
301.828515 0.0
301.832598 0.0
301.836876 0.0
301.841533 0.0
301.845832 0.0
301.849954 0.0
301.854306 0.0
301.858634 0.0
301.863136 0.0
301.867815 0.0
301.872257 0.0
301.876472 0.0
301.880559 0.0
301.884773 0.0
301.889098 0.0
301.893289 0.0
301.897654 0.0
301.90171 0.0
301.905871 0.0
301.910015 0.0
301.914083 0.0
301.918489 0.0
301.922469 0.0
301.926637 0.0
301.930881 0.0
301.935 0.0
301.939298 0.0
301.943383 0.0
301.947744 0.0
301.951777 0.0
301.956128 0.0
301.960376 0.0
301.964402 0.0
301.968717 0.0
301.97279 0.0
301.97691 0.0
301.981125 0.0
301.985147 0.0
301.989739 0.0
301.993731 0.0
301.997882 0.0
302.002053 0.0
302.006014 0.0
302.010483 0.0
302.014545 0.0
302.01865 0.0
302.022959 0.0
302.027357 0.0
302.032196 0.0
302.036505 0.0
302.040823 0.0
302.044906 0.0
302.049272 0.0
302.06051 0.0
302.064555 0.0
302.069083 0.0
302.074348 0.0
302.079384 0.0
302.083982 0.0
302.088172 0.0
302.092499 0.0
302.09735 0.0
302.101902 0.0
302.106237 0.0
302.110989 0.0
302.115154 0.0
302.119128 0.0
302.123538 0.0
302.127539 0.0
302.131861 0.0
302.135856 0.0
302.139858 0.0
302.144778 0.0
302.14835 0.0
302.152424 0.0
302.156524 0.0
302.160552 0.0
302.164877 0.0
302.168942 0.0
302.173201 0.0
302.177283 0.0
302.18127 0.0
302.185576 0.0
302.189583 0.0
302.193803 0.0
302.197898 0.0
302.201999 0.0
302.206137 0.0
302.210136 0.0
302.214267 0.0
302.218475 0.0
302.222402 0.0
302.226755 0.0
302.230887 0.0
302.235655 0.0
302.240134 0.0
302.244092 0.0
302.248718 0.0
302.252808 0.0
302.257242 0.0
302.261476 0.0
302.265507 0.0
302.270023 0.0
302.275414 0.0
302.280817 0.0
302.28703 0.0
302.292351 0.0
302.298544 0.0
302.303871 0.0
302.309251 0.0
302.314446 0.0
302.319755 0.0
302.324993 0.0
302.330485 0.0
302.335741 0.0
302.340864 0.0
302.346228 0.0
302.351755 0.0
302.357026 0.0
302.362328 0.0
302.367713 0.0
302.372896 -0.022520280903059294
302.378245 -0.022520280903059294
302.383339 -0.022520280903059294
302.388716 -0.022520280903059294
302.394191 0.050273133094695444
302.399462 0.050273133094695444
302.404343 0.1625731330946953
302.408648 0.1625731330946953
302.413028 0.1625731330946953
302.417267 0.1625731330946953
302.422235 0.09422313309469538
302.426088 0.09422313309469538
302.429808 0.09422313309469538
302.434038 0.09422313309469538
302.437763 0.09422313309469538
302.444507 0.06004313309469528
302.450197 0.06004313309469528
302.457676 0.06004313309469528
302.463199 0.06004313309469528
302.468806 0.06492313309469527
302.473725 0.06492313309469527
302.481412 0.06492313309469527
302.489656 0.01609313309469534
302.493443 0.01609313309469534
302.498158 -0.042050280903059345
302.502528 -0.042050280903059345
302.506774 -0.042050280903059345
302.510613 -0.042050280903059345
302.514804 -0.042050280903059345
302.519131 -0.09088028090305927
302.523109 -0.09088028090305927
302.527287 -0.09088028090305927
302.531344 -0.09088028090305927
302.535285 -0.09088028090305927
302.539714 -0.08111028090305922
302.543628 -0.08111028090305922
302.547863 -0.08111028090305922
302.551819 -0.08111028090305922
302.555855 -0.08111028090305922
302.561008 -0.08111028090305922
302.565485 -0.08111028090305922
302.569998 -0.08111028090305922
302.574251 -0.08111028090305922
302.57974 -0.0567002809030594
302.584824 -0.0567002809030594
302.590104 -0.0567002809030594
302.59527 -0.0567002809030594
302.600864 -0.022520280903059294
302.605872 -0.022520280903059294
302.610988 0.0
302.615057 0.0
302.619075 0.0
302.623364 0.0
302.62759 0.0
302.632382 0.0
302.636634 0.0
302.640561 0.0
302.645013 0.0
302.649152 0.0
302.653668 0.0
302.657751 0.0
302.662079 0.0
302.666331 0.0
302.671793 0.0
302.677412 0.0
302.682068 0.0
302.686529 0.0
302.69094 0.0
302.695848 0.0
302.700158 0.0
302.704487 0.0
302.708577 0.0
302.712525 0.0
302.71682 0.0
302.720769 0.0
302.725101 0.0
302.729136 0.0
302.733189 0.0
302.737427 0.0
302.7415 0.0
302.745824 0.04050313309469539
302.749896 0.04050313309469539
302.753882 0.04050313309469539
302.758106 0.04050313309469539
302.762213 0.04050313309469539
302.766624 0.011213133094695347
302.770706 0.011213133094695347
302.774619 0.011213133094695347
302.778655 0.011213133094695347
302.782744 0.011213133094695347
302.786971 -0.007870280903059244
302.791056 -0.007870280903059244
302.795009 -0.007870280903059244
302.799237 -0.007870280903059244
302.803535 -0.007870280903059244
302.809117 0.0
302.814263 0.0
302.818303 0.0
302.82341 0.0
302.831159 0.0
302.8376 0.0
302.84317 0.0
302.847625 0.0
302.854929 0.0
302.860784 0.0
302.866474 0.0
302.870934 0.0
302.876106 0.0
302.884645 0.0
302.890954 0.0
302.894676 0.0
302.899178 0.0
302.903864 0.0
302.907908 0.0
302.911903 0.0
302.916252 0.0
302.920253 0.0
302.924592 0.0
302.92867 0.0
302.932766 0.0
302.936941 0.0
302.941013 0.0
302.94548 0.0
302.949573 0.0
302.953578 0.0
302.957954 0.0
302.962157 0.0
302.966262 0.0
302.970374 0.0
302.974345 0.0
302.978525 0.0
302.982536 0.0
302.986767 0.0
302.990868 0.0
302.994879 0.0
302.999226 0.0
303.003192 0.0
303.007417 0.0
303.011508 0.0
303.015466 0.0
303.019771 0.0
303.023909 0.0
303.028788 0.0
303.033225 0.0
303.03723 0.0
303.041912 0.0
303.046181 0.0
303.050588 0.0
303.054712 0.0
303.058709 0.0
303.063121 0.0
303.067684 0.0
303.072574 0.0
303.076787 0.0
303.080824 0.0
303.084982 0.0
303.089161 0.0
303.095507 0.0
303.099792 0.0
303.10384 0.0
303.107956 0.0
303.112214 0.0
303.11626 0.0
303.120229 0.0
303.124459 0.0
303.128482 0.0
303.132756 0.0
303.136744 0.0
303.140786 0.0
303.145044 0.0
303.154778 0.0
303.159657 0.0
303.16514 0.0
303.170277 0.0
303.175578 0.0
303.180787 0.0
303.186267 0.0
303.191309 0.0
303.196069 0.0
303.200323 0.0
303.204744 0.0
303.208987 0.0
303.213582 0.0
303.218245 0.0
303.222452 0.0
303.227434 0.0
303.231721 0.0
303.236489 0.0
303.240567 0.0
303.244678 0.0
303.249167 0.0
303.253566 0.0
303.2581 0.0
303.262208 0.0
303.266273 0.0
303.271851 0.0
303.276256 0.0
303.281148 0.0
303.285363 0.0
303.289399 0.0
303.293897 0.0
303.298958 0.0
303.303014 0.0
303.30727 0.0
303.31166 0.0
303.315878 0.0
303.320145 0.0
303.324523 0.0
303.328585 0.0
303.332845 0.0
303.336974 0.0
303.341157 0.0
303.345223 0.0
303.349281 0.0
303.353781 0.0
303.357766 0.0
303.361905 0.0
303.36594 0.0
303.370104 0.0
303.374263 0.0
303.378306 0.0
303.382527 0.0
303.386668 0.0
303.390683 0.0
303.395016 0.0
303.398986 0.0
303.403099 0.0
303.40717 0.0
303.414587 0.0
303.420765 0.0
303.424966 0.0
303.429025 0.0
303.433159 0.0
303.437414 0.0
303.441403 0.0
303.446887 0.0
303.453966 0.0
303.460174 0.0
303.4639 0.0
303.469233 0.0
303.473798 0.0
303.479159 0.0
303.483471 0.0
303.488287 0.0
303.492634 0.0
303.497254 0.0
303.501522 0.0
303.505931 0.0
303.51182 0.0
303.515527 0.0
303.519218 0.0
303.522986 0.0
303.52655 0.0
303.530346 0.0
303.534007 0.0
303.537744 0.0
303.542557 0.0
303.546896 0.0
303.551295 0.0
303.555905 0.0
303.56019 0.0
303.56479 0.0
303.569042 0.0
303.573062 0.0
303.577487 0.0
303.581438 0.0
303.5862 0.0
303.590179 0.0
303.594371 0.0
303.598747 0.0
303.603089 0.0
303.607471 0.0
303.611558 0.0
303.631734 0.0
303.636968 0.0
303.643076 0.0
303.648769 0.0
303.654282 0.0
303.659532 0.0
303.665738 0.0
303.671402 0.0
303.676745 0.0
303.682755 -0.03717028090305935
303.688971 -0.03717028090305935
303.695283 -0.01275028090305924
303.69944 -0.01275028090305924
303.703858 -0.01275028090305924
303.70802 -0.01275028090305924
303.712128 -0.01275028090305924
303.716511 0.0
303.720481 0.0
303.724843 0.0
303.729013 0.0
303.733155 0.0
303.73749 0.0
303.741451 0.0
303.745802 0.0
303.749878 0.0
303.753875 0.0
303.758305 0.0
303.762264 0.0
303.766601 0.0
303.770738 0.0
303.774668 0.0
303.779182 0.0
303.783194 0.0
303.787583 0.0
303.791585 0.0
303.795552 0.0
303.799862 0.0
303.803848 0.0
303.808119 0.0
303.812181 0.0
303.816141 0.0
303.820373 0.0
303.824583 0.0
303.829891 0.011213133094695347
303.834213 0.011213133094695347
303.838184 0.011213133094695347
303.842898 0.011213133094695347
303.847075 0.011213133094695347
303.851574 0.0
303.855642 0.0
303.859662 0.0
303.864304 0.0
303.8692 0.0
303.875134 0.0
303.879498 0.0
303.884165 0.0
303.888407 0.0
303.89291 0.011213133094695347
303.897053 0.011213133094695347
303.901404 0.0
303.905575 0.0
303.909529 0.0
303.913601 0.0
303.917646 0.0
303.921876 0.0
303.926239 0.0
303.930196 0.0
303.934214 0.0
303.938428 0.0
303.942623 0.0
303.946799 0.0
303.950774 0.0
303.955224 0.0
303.959502 0.0
303.963601 0.0
303.967739 0.0
303.971747 0.0
303.975746 0.0
303.979905 0.0
303.984182 0.0
303.988268 0.0
303.99228 0.0
303.99642 0.0
304.000484 0.0
304.004437 0.0
304.008621 0.0
304.013011 0.0
304.017292 0.0
304.021395 0.0
304.025319 0.0
304.029611 0.0
304.034279 0.0
304.038978 0.0
304.043534 0.0
304.047647 0.0
304.053882 0.0
304.06124 0.0
304.06757 0.0
304.072325 0.0
304.077173 0.0
304.081614 0.0
304.086356 0.0
304.09272 0.0
304.099375 0.0
304.105325 0.0
304.111185 0.0
304.11606 0.0
304.121354 0.0
304.127275 0.0
304.131894 0.0
304.136249 0.0
304.14151 0.0
304.146806 0.0
304.152179 0.0
304.157295 0.0
304.162515 0.0
304.167861 0.0
304.172489 0.0
304.176802 0.0
304.181082 0.0
304.186579 0.0
304.192223 0.0
304.196678 0.0
304.200639 0.0
304.204906 0.0
304.209029 0.0
304.213146 0.0
304.217256 0.0
304.221258 0.0
304.225534 0.0
304.229675 0.0
304.234195 0.0
304.238773 0.0
304.242804 0.0
304.247246 0.0
304.251764 0.0
304.255988 0.0
304.260361 0.0
304.264417 0.0
304.268813 0.0
304.273298 0.0
304.27777 0.0
304.282755 0.0
304.286987 0.0
304.291238 0.0
304.296574 0.0
304.300854 0.0
304.305353 0.0
304.310228 0.0
304.314316 0.0
304.318503 0.0
304.323194 0.0
304.328154 0.0
304.332511 0.0
304.337242 0.0
304.341655 0.0
304.34589 0.0
304.350193 0.0
304.354567 0.0
304.358974 0.0
304.362951 0.0
304.367082 0.0
304.37113 0.0
304.37535 0.0
304.379535 0.0
304.383498 0.0
304.38759 0.0
304.391671 0.0
304.395705 0.0
304.400047 0.0
304.403997 0.0
304.408129 0.0
304.412862 0.0
304.417043 0.0
304.421204 0.0
304.427772 0.0
304.433482 0.0
304.439804 0.0
304.444323 0.0
304.448407 0.0
304.452792 0.0
304.456913 0.0
304.463997 0.0
304.470639 0.0
304.476754 0.0
304.480744 0.0
304.48806 0.0
304.495744 0.0
304.499398 0.0
