289.800278 0.0
289.805787 0.0
289.81127 0.0
289.816611 0.0
289.821105 0.0
289.826807 0.0
289.832208 0.0
289.837306 0.011213133094695347
289.844231 0.011213133094695347
289.849769 0.011213133094695347
289.854206 0.011213133094695347
289.859166 0.0
289.86433 0.0
289.869797 0.0
289.87536 0.0
289.880826 0.0
289.886147 0.0
289.891371 0.0
289.896681 0.0
289.902149 0.0
289.90949 0.0
289.913562 0.0
289.917722 0.0
289.922025 0.0
289.92616 0.0
289.930878 0.0
289.935118 0.0
289.940851 0.0
289.945083 0.0
289.949593 0.0
289.953903 0.0
289.958173 0.0
289.962719 0.0
289.967083 0.0
289.971839 0.0
289.97617 0.0
289.980339 0.0
289.984546 0.0
289.988523 0.0
289.992865 0.0
289.99685 0.0
290.00112 0.0
290.006217 0.0
290.07098 0.0
290.075821 0.0
290.080516 0.0
290.085063 0.0
290.089284 0.0
290.093567 0.0
290.097871 0.0
290.102207 0.0
290.106605 0.0
290.110823 0.0
290.116216 0.011213133094695347
290.121468 0.011213133094695347
290.126914 0.011213133094695347
290.132214 0.011213133094695347
290.137585 0.0
290.142764 0.0
290.148521 0.0
290.152894 0.0
290.157051 0.0
290.161498 0.0
290.165592 0.0
290.169977 0.0
290.174539 0.0
290.179227 0.0
290.183277 0.0
290.187386 0.0
290.191653 0.0
290.195968 0.0
290.201378 0.025863133094695397
290.206762 0.025863133094695397
290.211833 0.0
290.21822 0.0
290.224052 0.0
290.229399 0.0
290.235116 0.0
290.240546 0.0
290.246272 0.0
290.251214 0.0
290.256019 0.0
290.260893 -0.0176402809030593
290.265103 -0.0176402809030593
290.26913 -0.0176402809030593
290.27379 -0.0567002809030594
290.278018 -0.0567002809030594
290.282645 -0.0567002809030594
290.286599 -0.0567002809030594
290.290649 -0.0567002809030594
290.295181 0.0
290.299195 0.0
290.30342 0.0
290.307513 0.0
290.31152 0.0
290.315752 0.011213133094695347
290.320107 0.011213133094695347
290.32433 0.011213133094695347
290.328358 0.011213133094695347
290.332356 0.011213133094695347
290.336685 0.0
290.340723 0.0
290.344766 0.0
290.348921 0.0
290.352945 0.0
290.357177 0.0
290.361212 0.0
290.365282 0.0
290.369411 0.0
290.373505 0.0
290.377708 0.0
290.381674 0.0
290.386071 -0.01275028090305924
290.390085 -0.01275028090305924
290.394101 -0.01275028090305924
290.398247 -0.01275028090305924
290.402436 -0.01275028090305924
290.407164 0.0
290.411457 0.0
290.415733 0.0
290.419802 0.0
290.424035 0.0
290.428534 0.0
290.433016 0.0
290.437296 0.0
290.441393 0.0
290.445556 0.0
290.449831 0.0
290.454613 0.0
290.45902 0.0
290.463067 0.0
290.467282 0.0
290.471354 0.0
290.47571 0.0
290.479803 0.0
290.483982 0.0
290.488396 0.0
290.492408 0.0
290.496663 0.0
290.500621 0.0
290.504674 0.0
290.511423 0.0
290.516966 0.0
290.521303 0.0
290.525823 0.0
290.530513 0.0
290.535793 0.0
290.541193 0.0
290.546357 0.0
290.553344 0.0
290.561394 0.0
290.569831 0.0
290.578219 0.01609313309469534
290.583582 0.01609313309469534
290.587632 0.01609313309469534
290.591912 0.01609313309469534
290.596796 0.01609313309469534
290.601464 0.0
290.606149 0.0
290.610596 0.0
290.614818 0.0
290.619405 0.0
290.623982 -0.007870280903059244
290.628297 -0.007870280903059244
290.632969 0.0
290.637766 0.0
290.649477 0.0
290.654148 0.0
290.658718 0.0
290.663051 0.0
290.667322 0.0
290.671491 0.0
290.675906 0.0
290.682523 0.0
290.68672 0.0
290.690789 0.0
290.694989 0.0
290.699086 0.0
290.703064 0.0
290.707241 0.0
290.711207 0.0
290.715473 0.0
290.719494 0.0
290.72353 0.0
290.727605 0.0
290.73176 0.0
290.735893 0.0
290.739976 0.0
290.7439 0.0
290.748174 0.0
290.752166 0.0
290.756176 0.0
290.760238 0.0
290.764185 0.0
290.768446 0.0
290.772397 0.0
290.776729 0.0
290.780711 0.0
290.784738 0.0
290.788982 0.0
290.79302 0.0
290.797035 0.0
290.801371 0.0
290.80576 0.0
290.810575 0.0
290.814713 0.0
290.81884 0.0
290.822983 0.0
290.82789 0.0
290.832459 0.0
290.836623 0.0
290.840905 0.0
290.84507 0.0
290.849474 0.0
290.853918 0.0
290.858161 0.0
290.862524 0.0
290.866598 0.0
290.870796 0.0
290.87499 0.0
290.879222 0.0
290.883561 0.0
290.887551 0.0
290.891617 0.0
290.895597 0.0
290.899652 0.0
290.903895 0.0
290.908012 0.0
290.912133 0.0
290.916184 0.0
290.920203 0.0
290.924489 -0.007870280903059244
290.928742 -0.007870280903059244
290.93323 -0.007870280903059244
290.937259 -0.007870280903059244
290.941224 -0.007870280903059244
290.945471 -0.007870280903059244
290.949416 -0.007870280903059244
290.953683 0.0
290.95767 0.0
290.9618 0.0
290.966034 0.0
290.970097 0.0
290.974193 0.06004313309469528
290.978376 0.06004313309469528
290.982364 0.06004313309469528
290.986503 0.06004313309469528
290.990482 0.06004313309469528
290.994728 0.1235131330946954
290.998768 0.1235131330946954
291.00308 0.1235131330946954
291.007616 0.1235131330946954
291.011744 0.1235131330946954
291.016233 0.06492313309469527
291.020605 0.06492313309469527
291.024715 0.06492313309469527
291.028978 0.06492313309469527
291.033147 0.06492313309469527
291.037552 0.030743133094695396
291.042713 0.030743133094695396
291.04928 0.025863133094695397
291.054924 0.025863133094695397
291.06033 0.025863133094695397
291.064097 0.025863133094695397
291.067715 0.04539313309469545
291.0714 0.04539313309469545
291.075053 0.04539313309469545
291.078972 0.04539313309469545
291.082662 0.04539313309469545
291.086576 0.04539313309469545
291.090983 0.020973133094695336
291.095031 0.020973133094695336
291.098962 0.020973133094695336
291.103003 0.020973133094695336
291.106946 0.020973133094695336
291.111234 0.0
291.115175 0.0
291.119134 0.0
291.123192 0.0
291.127162 0.0
291.131541 -0.042050280903059345
291.135501 -0.042050280903059345
291.139557 -0.042050280903059345
291.143617 -0.042050280903059345
291.147732 -0.042050280903059345
291.151989 -0.06646028090305939
291.156009 -0.06646028090305939
291.159974 -0.06646028090305939
291.164082 -0.04693028090305934
291.167985 -0.04693028090305934
291.172227 -0.04693028090305934
291.176175 -0.04693028090305934
291.180212 -0.04693028090305934
291.184395 -0.03717028090305935
291.188413 -0.03717028090305935
291.192431 -0.03717028090305935
291.196404 -0.03717028090305935
291.200384 -0.03717028090305935
291.204604 -0.03228028090305929
291.208615 -0.03228028090305929
291.21278 -0.03228028090305929
291.217366 -0.03228028090305929
291.222765 -0.03228028090305929
291.227664 -0.04693028090305934
291.232123 -0.04693028090305934
291.236466 -0.04693028090305934
291.24099 -0.04693028090305934
291.245529 -0.03228028090305929
291.249742 -0.03228028090305929
291.25397 -0.03228028090305929
291.258159 -0.03228028090305929
291.262347 -0.03228028090305929
291.266882 0.0
291.271465 0.0
291.275912 0.0
291.280175 0.0
291.284679 0.0
291.289241 0.0
291.294388 0.0
291.298915 0.0
291.303139 0.0
291.308086 0.0
291.312306 0.0
291.317029 0.0
291.321425 0.0
291.326975 0.0
291.332348 0.0
291.336679 0.0
291.341247 0.0
291.345241 0.0
291.349511 0.0
291.353608 0.0
291.357553 0.0
291.361803 0.0
291.365802 0.0
291.370116 0.0
291.37415 0.0
291.37811 0.0
291.382471 0.0
291.386512 0.0
291.391041 0.0
291.395084 0.0
291.399171 0.0
291.403435 0.0
291.408641 0.0
291.416044 0.0
291.421263 0.0
291.425851 0.0
291.432264 0.0
291.437784 0.0
291.44361 0.0
291.448244 0.0
291.453639 0.0
291.458495 0.0
291.462804 0.0
291.467109 0.0
291.471441 0.0
291.476056 0.0
291.480561 0.0
291.485122 0.0
291.489486 0.0
291.493845 0.0
291.498063 0.0
291.502046 0.0
291.506346 0.0
291.510431 0.0
291.514511 0.0
291.518632 0.0
291.522673 0.0
291.526903 0.0
291.530951 0.0
291.535075 0.0
291.539274 0.0
291.543277 0.0
291.547344 0.0
291.551481 0.0
291.555471 0.0
291.559616 0.0
291.563596 0.0
291.568017 0.0
291.572282 0.0
291.576466 0.0
291.581196 0.0
291.585557 0.0
291.590291 0.0
291.594758 0.0
291.599101 0.0
291.603426 0.0
291.608496 0.0
291.613182 0.0
291.617434 0.0
291.621663 0.0
291.625871 0.0
291.630585 0.0
291.635086 0.0
291.639402 0.0
291.643769 0.0
291.647889 0.0
291.652351 0.0
291.657082 0.0
291.662093 0.0
291.666241 0.0
291.670238 0.0
291.674469 0.0
291.678867 0.0
291.688531 0.0
291.692591 0.0
291.696659 0.0
291.700804 0.0
291.70506 0.0
291.709128 0.0
291.713226 0.0
291.717213 0.0
291.721489 0.0
291.725829 0.0
291.72999 0.0
291.734268 0.0
291.73822 0.0
291.74241 0.0
291.746503 0.0
291.750625 0.0
291.755084 0.0
291.759129 0.0
291.763195 0.0
291.767529 0.0
291.771546 0.0
291.775886 0.011213133094695347
291.779923 0.011213133094695347
291.784134 0.011213133094695347
291.788182 0.011213133094695347
291.792228 0.011213133094695347
291.796555 0.01609313309469534
291.800779 0.01609313309469534
291.806441 0.01609313309469534
291.811742 0.01609313309469534
291.817797 0.0
291.823079 0.0
291.828756 -0.0567002809030594
291.835403 -0.0567002809030594
291.841748 -0.0567002809030594
291.84792 -0.0176402809030593
291.851975 -0.0176402809030593
291.855981 -0.0176402809030593
291.860341 -0.0176402809030593
291.864308 -0.0176402809030593
291.868637 -0.007870280903059244
291.872612 -0.007870280903059244
291.876709 -0.007870280903059244
291.881258 -0.007870280903059244
291.885359 -0.007870280903059244
291.889713 0.0
291.893771 0.0
291.89771 0.0
291.902291 0.0
291.906255 0.0
291.910602 0.0
291.914591 0.0
291.918659 0.0
291.9231 0.0
291.927083 0.0
291.931482 0.0
291.935486 0.0
291.939492 0.0
291.94381 0.01609313309469534
291.947863 0.01609313309469534
291.951964 0.01609313309469534
291.956138 0.01609313309469534
291.960099 0.01609313309469534
291.964469 0.0
291.968402 0.0
291.972438 0.0
291.97652 0.0
291.980525 0.0
291.984904 0.0
291.989015 0.0
291.993017 0.0
291.997151 0.0
292.001272 0.0
292.006266 0.0
292.010583 0.0
292.014958 0.0
292.019236 0.0
292.023506 0.0
292.028241 0.0
292.032496 0.0
292.036989 0.0
292.041 0.0
292.045535 0.0
292.050052 0.0
292.054889 0.0
292.059527 0.0
292.063546 0.0
292.067775 0.0
292.071866 0.0
292.076032 0.0
292.080438 0.0
292.084625 0.0
292.089072 0.0
292.092801 0.0
292.096738 0.0
292.100487 0.0
292.104119 0.0
292.108414 0.0
292.112534 0.0
292.116614 0.0
292.120979 0.0
292.125 0.0
292.129144 0.0
292.133416 0.0
292.137552 0.0
292.141654 0.0
292.145767 0.0
292.149948 0.0
292.154024 0.0
292.158145 0.0
292.162161 0.0
292.166343 0.0
292.170472 0.0
292.174608 0.0
292.190795 0.0
292.195172 0.0
292.199156 0.0
292.203412 0.0
292.207593 0.0
292.212367 0.0
292.216636 0.0
292.2206 0.0
292.225427 0.0
292.229491 0.0
292.233674 0.0
292.237847 0.0
292.242044 0.0
292.247172 0.0
292.252596 0.0
292.257451 0.0
292.261914 0.0
292.266334 0.0
292.270773 0.0
292.276177 0.0
292.282799 0.0
292.287301 0.0
292.29184 0.0
292.296555 0.0
292.301718 0.0
292.306542 0.0
292.312386 0.0
292.31649 0.0
292.320862 0.0
292.325073 0.0
292.329008 0.0
292.333266 0.0
292.337269 0.0
292.34134 0.0
292.345515 0.0
292.349594 0.0
292.353796 0.0
292.357768 0.0
292.361735 0.0
292.366154 0.0
292.370098 0.0
292.374207 0.0
292.378171 0.0
292.382147 0.0
292.38644 0.0
292.390391 0.0
292.39455 0.0
292.398653 0.0
292.402575 0.0
292.406863 0.0
292.410885 0.0
292.41556 0.0
292.419958 0.0
292.424248 0.0
292.428658 0.0
292.432714 0.0
292.43766 0.0
292.441984 0.0
292.446171 0.0
292.450441 0.0
292.454407 0.0
292.459101 0.0
292.464008 0.0
292.469682 0.0
292.474281 0.0
292.480961 0.0
292.485781 0.0
292.490325 0.0
292.494662 0.0
292.499213 0.0
292.50416 0.0
292.508633 0.0
292.513752 0.0
292.519197 0.0
292.524845 0.0
292.52883 0.0
292.533239 0.0
292.53722 0.0
292.541287 0.0
292.545379 0.0
292.549308 0.0
292.553546 0.0
292.557567 0.0
292.561538 0.0
292.565637 0.0
292.569598 0.0
292.573814 0.0
292.577993 0.0
292.58196 0.0
292.58612 0.0
292.59011 0.0
292.594243 0.0
292.598409 0.0
292.602438 0.0
292.606423 0.0
292.610485 0.0
292.614829 0.0
292.61943 0.0
292.623603 0.0
292.627589 0.0
292.631849 0.0
292.636328 0.0
292.640715 0.0
292.645025 0.0
292.649227 0.0
292.654297 -0.007870280903059244
292.658636 -0.007870280903059244
292.66361 -0.007870280903059244
292.667599 -0.007870280903059244
292.671653 -0.007870280903059244
292.676008 -0.007870280903059244
292.680142 -0.007870280903059244
292.684684 0.0
292.688662 0.0
292.69289 0.0
292.697093 0.0
292.701066 0.0
292.705328 0.0
292.709302 0.0
292.713387 0.0
292.717487 0.0
292.721458 0.0
292.725761 0.04539313309469545
292.729759 0.04539313309469545
292.733752 0.04539313309469545
292.738044 0.04539313309469545
292.742003 0.04539313309469545
292.746306 0.04539313309469545
292.750307 0.04539313309469545
292.754269 0.04539313309469545
292.758549 0.07957313309469533
292.762495 0.07957313309469533
292.766553 0.07957313309469533
292.770669 0.07957313309469533
292.774612 0.07957313309469533
292.77906 0.03562313309469539
292.78304 0.03562313309469539
292.787012 0.03562313309469539
292.79138 0.03562313309469539
292.795479 0.03562313309469539
292.799884 0.0
292.804193 0.0
292.808765 0.0
292.813088 0.0
292.817129 0.0
292.821512 0.025863133094695397
292.825719 0.025863133094695397
292.830367 0.025863133094695397
292.834556 0.025863133094695397
292.838648 0.025863133094695397
292.843033 0.01609313309469534
292.847846 0.01609313309469534
292.852983 0.01609313309469534
292.858086 0.01609313309469534
292.862852 0.0
292.866915 0.0
292.871178 -0.042050280903059345
292.876915 -0.042050280903059345
292.88334 -0.042050280903059345
292.887526 -0.042050280903059345
292.892338 -0.0567002809030594
292.896804 -0.0567002809030594
292.900787 -0.0567002809030594
292.905219 -0.0567002809030594
292.909214 -0.0567002809030594
292.913554 -0.04693028090305934
292.918109 -0.04693028090305934
292.922374 -0.04693028090305934
292.92699 -0.04693028090305934
292.931175 -0.04693028090305934
292.935761 -0.0176402809030593
292.940369 -0.0176402809030593
292.944522 -0.0176402809030593
292.948908 -0.0176402809030593
292.953016 -0.01275028090305924
292.957222 -0.01275028090305924
292.961367 -0.01275028090305924
292.965671 -0.0176402809030593
292.969919 -0.0176402809030593
292.974415 -0.0176402809030593
292.978721 -0.0176402809030593
292.982754 -0.0176402809030593
292.987036 -0.007870280903059244
292.991315 -0.007870280903059244
292.995557 -0.007870280903059244
292.999785 -0.007870280903059244
293.003834 -0.007870280903059244
293.008328 0.0
293.01333 0.0
293.020788 0.0
293.026299 0.0
293.030551 0.0
293.036924 0.0
293.042106 0.0
293.047764 0.0
293.055789 0.0
293.063317 0.0
293.068124 0.0
293.072343 0.0
293.078208 0.0
293.083215 0.0
293.087523 0.0
293.091609 0.0
293.095596 0.0
293.099865 0.0
293.103874 0.0
293.108027 0.0
293.112067 0.0
293.116171 0.0
293.12073 0.0
293.124862 0.0
293.129133 0.0
293.133277 0.0
293.137544 0.0
293.142097 0.0
293.147267 0.0
293.151915 0.0
293.156078 0.0
293.160496 0.0
293.164613 0.0
293.169254 0.0
293.174671 0.0
293.179907 0.0
293.185365 0.0
293.190368 0.0
293.195857 0.0
293.200895 0.0
293.206423 0.0
293.21253 0.0
293.218492 0.0
293.22377 0.0
293.229289 0.0
293.235401 0.0
293.240902 0.0
293.24641 0.0
293.252604 0.0
293.261183 0.0
293.264955 0.0
293.268606 0.0
293.278555 0.0
293.28236 0.0
293.28692 0.0
293.293901 0.0
293.300192 0.0
293.305585 0.0
293.312124 0.0
293.318609 0.0
293.324028 0.0
293.328993 0.0
293.335113 0.0
293.340754 0.0
293.345001 0.0
293.348978 0.0
293.353392 0.0
293.357393 0.0
293.361312 0.0
293.365481 0.0
293.369417 0.0
293.373849 0.0
293.378253 0.0
293.382899 0.0
293.387592 0.0
293.391901 0.0
293.396497 0.0
293.400672 0.0
293.405876 0.0
293.41288 0.0
293.418176 0.0
293.422824 0.0
293.428851 0.0
293.434092 0.0
293.439236 0.0
293.447246 0.0
293.454746 0.0
293.459382 0.0
293.46417 0.0
293.469308 0.0
293.473309 0.0
293.477396 0.0
293.481857 0.0
293.485911 0.0
293.490296 0.0
293.494302 0.0
293.498665 0.0
293.50275 0.0
293.506822 0.0
293.511591 0.0
293.515895 0.0
293.520472 0.0
293.524813 0.0
293.529094 0.0
293.533422 0.0
293.537391 0.0
293.541592 0.0
293.54552 0.0
293.549507 0.0
293.553584 0.0
293.557517 0.0
293.561741 0.0
293.565709 0.0
293.569672 0.0
293.573813 0.0
293.577824 0.0
293.581912 0.011213133094695347
293.586272 0.011213133094695347
293.590542 0.011213133094695347
293.595165 0.011213133094695347
293.59952 0.011213133094695347
293.604214 0.020973133094695336
293.608918 0.020973133094695336
293.613931 0.01609313309469534
293.618337 0.01609313309469534
293.622563 0.01609313309469534
293.627078 0.01609313309469534
293.631761 0.01609313309469534
293.636484 -0.0518202809030594
293.640816 -0.0518202809030594
293.645224 -0.0518202809030594
293.649772 -0.0518202809030594
293.655485 -0.0176402809030593
293.660738 -0.0176402809030593
293.665138 -0.0176402809030593
293.669525 -0.0176402809030593
293.67394 -0.0176402809030593
293.680416 -0.042050280903059345
293.685412 -0.042050280903059345
293.692475 -0.042050280903059345
293.697611 -0.0176402809030593
293.702238 -0.0176402809030593
293.707917 0.0
293.713151 0.0
293.718649 0.0
293.723875 0.0
293.729648 0.0
293.734775 0.0
293.740108 0.0
293.745334 0.0
293.750804 0.0
293.755808 0.0
293.761219 0.0
293.766353 0.0
293.771805 0.011213133094695347
293.776807 0.011213133094695347
293.782259 0.011213133094695347
293.787347 0.011213133094695347
293.793072 0.0
293.798843 0.0
293.805491 0.0
293.810772 0.0
293.817101 0.0
293.822893 0.0
293.828509 0.0
293.834833 0.0
293.84138 0.0
293.847178 0.0
293.851404 0.0
293.855827 0.0
293.859878 0.0
293.863889 0.0
293.868035 0.0
293.872054 0.0
293.876793 0.0
293.881627 0.0
293.886248 0.0
293.890748 0.0
293.895027 0.0
293.899908 0.0
293.904129 0.0
293.908588 0.0
293.913208 0.0
293.917793 0.011213133094695347
293.922396 0.011213133094695347
293.926635 0.011213133094695347
293.931442 0.011213133094695347
293.935785 0.011213133094695347
293.940456 0.0
293.944785 0.0
293.949316 0.0
293.953988 0.0
293.95828 0.0
293.962887 0.0
293.967459 0.0
293.971626 0.0
293.975752 0.0
293.980232 0.0
293.984304 0.0
293.988423 0.0
293.992725 0.0
293.997087 0.0
294.003548 0.0
294.01113 0.0
294.017234 0.0
294.021763 0.0
294.028091 0.0
294.035233 0.0
294.04059 0.0
294.045545 0.0
294.05809 0.0
294.064544 0.0
294.069057 0.0
294.07515 0.0
294.080621 0.0
294.08486 0.0
294.089117 0.0
294.093719 0.0
294.099831 0.0
294.105475 0.0
294.110672 0.0
294.116202 0.0
294.121334 0.0
294.126998 0.0
294.132267 0.0
294.137767 0.0
294.142813 0.0
294.148348 0.0
294.15334 0.0
294.158755 0.0
294.165054 0.0
294.169471 0.0
294.173514 0.0
294.182084 0.0
294.186175 0.0
294.190622 0.0
294.19491 0.0
294.199571 0.0
294.204025 0.0
294.208246 0.0
294.212534 0.011213133094695347
294.217067 0.011213133094695347
294.221664 0.0
294.225857 0.0
294.229908 0.0
294.234561 0.0
294.23974 0.0
294.247505 0.0
294.251171 0.0
294.254887 0.0
294.259036 0.0
294.262856 0.0
294.266463 0.0
294.270132 0.0
294.274363 0.0
294.278096 0.0
294.281833 0.0
294.286151 0.0
294.290238 0.0
294.294768 0.0
294.298785 0.0
294.302717 0.0
294.307375 0.0
294.311576 0.0
294.317424 0.0
294.322281 0.0
294.326108 0.0
294.331299 0.0
294.33612 0.0
294.340525 0.0
294.344929 0.0
294.349288 0.0
294.353656 0.0
294.35849 0.0
294.362759 0.0
294.367196 0.0
294.371529 0.0
294.375801 0.0
294.380439 0.0
294.384671 0.0
294.389061 0.0
294.393356 0.0
294.397883 0.08933313309469532
294.402486 0.08933313309469532
294.406862 0.08933313309469532
294.412254 0.11375313309469542
294.41709 0.11375313309469542
294.421783 0.11375313309469542
294.425959 0.11375313309469542
294.430628 0.06492313309469527
294.441557 0.06492313309469527
294.445665 0.06492313309469527
294.449797 0.06492313309469527
294.454417 0.01609313309469534
294.458889 0.01609313309469534
294.463923 0.01609313309469534
294.468014 0.01609313309469534
294.472356 0.0
294.476607 0.0
294.480759 0.0
294.485107 0.0
294.489146 0.0
294.493651 0.0
294.497763 0.0
294.501753 0.0
294.506507 0.0
294.510545 0.0
294.514755 0.0
294.518751 0.0
294.522872 0.0
294.527059 0.0
294.531116 0.0
294.535309 0.0
294.539495 0.0
294.543578 -0.0176402809030593
294.547849 -0.0176402809030593
294.551803 -0.0176402809030593
294.555907 -0.0176402809030593
294.56019 -0.0176402809030593
294.564738 -0.06158028090305939
294.568871 -0.06158028090305939
294.572967 -0.06158028090305939
294.577092 -0.06158028090305939
294.58128 -0.06158028090305939
294.585497 -0.06158028090305939
294.589679 -0.06158028090305939
294.59375 -0.06158028090305939
294.597983 -0.06158028090305939
294.602164 -0.06158028090305939
294.606921 -0.0518202809030594
294.611552 -0.0518202809030594
294.615561 -0.0518202809030594
294.619659 -0.0518202809030594
294.624232 -0.0518202809030594
294.628812 -0.03228028090305929
294.633125 -0.03228028090305929
294.637411 -0.03717028090305935
294.641728 -0.03717028090305935
294.646348 -0.03717028090305935
294.651681 -0.03717028090305935
294.657299 -0.03717028090305935
294.661682 -0.007870280903059244
294.666485 -0.007870280903059244
294.670904 -0.007870280903059244
294.675392 -0.007870280903059244
294.680034 0.0
294.684572 0.0
294.688826 0.0
294.69283 0.0
294.69702 0.0
294.701183 0.0
294.705459 0.0
294.709481 0.0
294.713534 0.0
294.717664 0.0
294.721982 0.0
294.726151 0.0
294.730663 0.0
294.736579 0.0
294.741283 0.0
294.745545 0.0
294.750125 0.0
294.75477 0.0
294.759996 0.0
294.766007 0.0
294.773331 -0.007870280903059244
294.777665 -0.007870280903059244
294.782196 -0.007870280903059244
294.787284 -0.007870280903059244
294.792559 -0.007870280903059244
294.797852 0.0
294.803157 0.0
294.809134 0.0
294.815133 0.0
294.81951 0.0
294.823744 0.0
294.827802 0.0
294.832209 0.0
294.837008 0.0
294.841197 0.0
294.845729 0.0
294.849715 0.0
294.85397 0.0
294.859143 0.0
294.86457 0.0
294.869591 0.0
294.874216 0.0
294.878877 0.0
294.883175 0.0
294.887535 0.0
294.891611 0.0
294.895645 0.0
294.899823 0.0
294.904109 0.0
294.908465 0.0
294.91253 0.0
294.916518 0.0
294.920635 0.0
294.924601 0.0
294.929085 0.0
294.933084 0.0
294.937149 0.0
294.941289 0.0
294.94534 0.0
294.949454 0.0
294.953594 0.0
294.957561 0.0
294.961783 0.0
294.965719 0.0
294.970039 0.0
294.974022 0.0
294.978071 0.0
294.982378 0.0
294.986376 0.0
294.990381 0.0
294.994469 0.0
294.9985 0.0
295.002761 0.0
295.00717 0.0
295.012479 0.0
295.016601 0.0
295.020544 0.0
295.025426 0.0
295.029505 0.0
295.034031 0.0
295.038024 0.0
295.042226 0.0
295.047067 0.0
295.051538 0.0
295.056273 0.0
295.060244 0.0
295.064799 0.0
295.069155 0.0
295.073502 0.0
295.078361 0.0
295.082937 0.0
295.087527 0.0
295.091599 0.0
295.095752 0.0
295.099891 0.0
295.104201 0.0
295.108912 0.0
295.112872 0.0
295.117071 0.0
295.121193 0.0
295.125205 0.0
295.129299 0.0
295.133309 0.0
295.137783 0.0
295.142442 0.0
295.146842 0.0
295.151315 0.0
295.155544 0.0
295.160232 0.0
295.164533 0.0
295.169512 0.0
295.173875 0.0
295.178225 0.0
295.182776 0.0
295.1872 0.0
295.191564 0.0
295.195611 0.0
295.199977 0.0
295.204172 0.0
295.209743 0.0
295.217431 0.0
295.224011 0.0
295.229073 0.0
295.23453 0.0
295.241633 0.0
295.247322 0.0
295.252808 -0.027400280903059293
295.260254 -0.027400280903059293
295.269628 -0.027400280903059293
295.273848 -0.01275028090305924
295.277581 -0.01275028090305924
295.283066 -0.0176402809030593
295.287226 -0.0176402809030593
295.291257 -0.0176402809030593
295.295646 -0.0176402809030593
295.299608 -0.0176402809030593
295.30391 -0.06646028090305939
295.307889 -0.06646028090305939
295.311897 -0.06646028090305939
295.316006 -0.06646028090305939
295.321935 -0.06646028090305939
295.330227 -0.0176402809030593
295.336262 -0.0176402809030593
295.342381 -0.0176402809030593
295.348983 0.011213133094695347
295.354196 0.011213133094695347
295.357958 0.011213133094695347
295.361521 0.011213133094695347
295.365244 0.011213133094695347
295.36965 0.011213133094695347
295.373718 0.011213133094695347
295.377887 0.0
295.382011 0.0
295.38603 0.0
295.390154 0.0
295.394258 0.0
295.39861 0.0
295.402629 0.0
295.406953 0.0
295.411752 0.0
295.416095 0.0
295.421508 0.0
295.426455 0.0
295.430296 0.0
295.43407 0.0
295.437749 0.0
295.4414 0.0
295.445856 0.011213133094695347
295.451195 0.011213133094695347
295.4576 0.011213133094695347
295.46166 0.011213133094695347
295.466032 0.020973133094695336
295.470101 0.020973133094695336
295.474416 0.0
295.478484 0.0
295.48284 0.0
295.487017 0.0
295.491113 0.0
295.496061 0.0
295.500135 0.0
295.504148 0.0
295.508952 0.0
295.513219 0.0
295.522999 0.0
295.527252 0.0
295.53145 0.0
295.535622 0.0
295.539739 0.0
295.543713 0.0
295.54784 0.0
295.55188 0.0
295.555868 0.0
295.56026 0.0
295.565 0.0
295.569224 0.0
295.573585 0.0
295.577744 0.0
295.581278 0.0
295.585727 0.0
295.590171 0.0
295.594238 0.0
295.598519 0.0
295.602562 0.0
295.606758 0.0
295.611426 0.0
295.615833 0.0
295.620574 0.0
295.624665 0.0
295.62888 0.0
295.633336 0.0
295.637874 0.0
295.64259 0.0
295.646807 0.0
295.651224 0.0
295.655778 0.0
295.66136 0.0
295.666748 0.0
295.672359 0.0
295.677487 0.0
295.683496 0.0
295.687933 0.0
295.692448 0.0
295.697172 0.0
295.701583 0.0
295.706327 0.0
295.710566 0.0
295.715193 0.0
295.719487 0.0
295.723653 0.0
295.728239 0.0
295.73242 0.0
295.737241 0.0
295.741529 0.0
295.745652 0.0
295.749964 0.0
295.754374 0.0
295.758823 0.0
295.76339 0.0
295.767716 0.0
295.77178 0.0
295.779917 0.0
295.784242 0.0
295.788981 0.0
295.793279 0.0
295.798257 0.0
295.80266 0.0
295.80779 0.0
295.812537 0.0
295.816992 0.0
295.821854 0.0
295.826039 0.0
295.830758 0.0
295.834976 0.0
295.839773 0.0
295.844892 0.0
295.850589 0.0
295.855643 0.0
295.860555 0.0
295.864861 0.0
295.868981 0.0
295.873415 0.0
295.877516 0.0
295.881823 0.0
295.886006 0.0
295.8901 0.0
295.894555 0.0
295.898519 0.0
295.903022 0.0
295.90729 0.0
295.911561 0.0
295.916023 0.0
295.920129 0.0
295.924732 0.0
295.928834 0.0
295.93298 0.0
295.937331 0.0
295.941303 0.0
295.945533 0.0
295.949684 0.0
295.95416 0.011213133094695347
295.958277 0.011213133094695347
295.96224 0.011213133094695347
295.966858 0.011213133094695347
295.970821 0.011213133094695347
295.987882 0.0
295.992009 0.0
295.99601 0.0
296.000479 0.0
296.004877 0.0
296.010039 0.0
296.014434 0.0
296.018502 0.0
296.022964 0.0
296.027311 0.0
296.032937 0.0
296.037464 0.0
296.043012 0.0
296.048826 0.0
296.055179 0.0
296.06062 0.0
296.065576 0.0
296.070019 0.0
296.074558 0.0
296.079162 0.0
296.08403 0.0
296.088353 0.0
296.093153 0.0
296.098517 0.0
296.10412 0.0
296.109388 0.0
296.113892 0.0
296.11845 0.0
296.122742 0.0
296.127853 0.0
296.133345 0.0
296.138131 0.0
296.142086 0.0
296.146247 0.0
296.153738 0.0
296.158402 0.0
296.162416 0.0
296.166545 0.0
296.170745 0.0
296.174762 0.0
296.179109 0.0
296.183477 0.0
296.187481 0.0
296.191662 0.0
296.196046 0.0
296.200176 0.0
296.204279 0.0
296.208875 0.0
296.213263 0.0
296.217743 0.0
296.222207 0.0
296.226327 0.0
296.230591 0.0
296.234854 0.0
296.239171 0.0
296.244053 0.0
296.249624 0.05515313309469544
296.255535 0.05515313309469544
296.260106 0.05515313309469544
296.264513 0.05515313309469544
296.268603 0.05515313309469544
296.272839 0.07957313309469533
296.276983 0.07957313309469533
296.281227 0.07957313309469533
296.285422 0.07957313309469533
296.289453 0.07957313309469533
296.293898 0.09422313309469538
296.298052 0.09422313309469538
296.302169 0.09422313309469538
296.306337 0.09422313309469538
296.310449 0.09422313309469538
296.314766 0.011213133094695347
296.31899 0.011213133094695347
296.323106 0.011213133094695347
296.327342 0.011213133094695347
296.331581 0.0
296.338051 0.0
296.344733 0.0
296.348442 0.0
296.352633 0.06004313309469528
296.358409 0.06004313309469528
296.364586 0.0
296.369054 0.0
296.372804 0.0
296.376737 0.0
296.380709 0.0
296.385142 -0.01275028090305924
296.389082 -0.01275028090305924
296.393153 -0.01275028090305924
296.397158 -0.01275028090305924
296.401167 -0.01275028090305924
296.405506 -0.03717028090305935
296.410821 -0.03717028090305935
296.418134 -0.03717028090305935
296.424278 -0.03717028090305935
296.429422 -0.0567002809030594
296.43557 -0.0567002809030594
296.442795 -0.0567002809030594
296.448718 -0.04693028090305934
296.453645 -0.04693028090305934
296.460194 -0.0567002809030594
296.467901 -0.0567002809030594
296.473566 -0.0567002809030594
296.478994 -0.0176402809030593
296.48664 -0.0176402809030593
296.49301 -0.0176402809030593
296.498435 -0.0176402809030593
296.503776 -0.007870280903059244
296.50884 -0.007870280903059244
296.514446 -0.007870280903059244
296.519771 -0.007870280903059244
296.525188 -0.027400280903059293
296.530258 -0.027400280903059293
296.535737 -0.027400280903059293
296.540764 -0.027400280903059293
296.546232 -0.007870280903059244
296.551261 -0.007870280903059244
296.556743 -0.007870280903059244
296.561748 -0.007870280903059244
296.567259 0.0
296.57229 0.0
296.577761 0.0
296.582762 0.0
296.587535 0.0
296.591491 0.0
296.595868 0.0
296.599855 0.0
296.603815 0.0
296.608199 0.0
296.612393 0.0
296.617268 0.0
296.621271 0.0
296.625315 0.0
296.629962 0.0
296.634081 0.0
296.638631 0.0
296.642668 0.0
296.646714 0.0
296.651855 0.0
296.656067 0.0
296.662278 0.0
296.667442 0.0
296.674467 0.0
296.680897 0.0
296.685991 0.0
296.690393 0.0
296.694507 0.0
296.698571 0.0
296.702613 0.0
296.707121 0.0
296.711446 0.0
296.715893 0.0
296.719898 0.0
296.72419 0.0
296.728514 0.0
296.733011 0.0
296.737468 0.0
296.741673 0.0
296.746229 0.0
296.750198 0.0
296.754373 0.0
296.758726 0.0
296.763083 0.0
296.767287 0.0
296.771387 0.0
296.775393 0.0
296.779767 0.0
296.784239 0.0
296.788586 0.0
296.792967 0.0
296.797016 0.0
296.80153 0.0
296.805809 0.0
296.810256 0.0
296.814417 0.0
296.819333 0.0
296.82635 0.0
296.833761 0.0
296.839367 0.0
296.844555 0.0
296.851859 0.0
296.857907 0.0
296.863856 0.0
296.868749 0.0
296.87689 0.0
296.886844 0.0
296.890437 0.0
296.894003 0.0
296.899151 0.0
296.903108 0.0
296.907339 0.0
296.911272 0.0
296.915218 0.0
296.919585 0.0
296.923574 0.0
296.927675 0.0
296.931798 0.0
296.935769 0.0
296.940133 0.0
296.944097 0.0
