545.000291 0.025863133094695397
545.004542 0.011213133094695347
545.008528 0.011213133094695347
545.012832 0.011213133094695347
545.0168 0.011213133094695347
545.02798 0.0
545.03251 0.0
545.037213 0.0
545.042127 0.0
545.046788 0.0
545.051626 0.0
545.056356 0.0
545.061227 0.0
545.06637 0.0
545.071779 0.0
545.077265 0.0
545.08283 0.011213133094695347
545.088197 0.011213133094695347
545.09396 0.011213133094695347
545.098603 0.011213133094695347
545.10315 0.0
545.1073 0.0
545.111876 0.0
545.116088 0.0
545.120404 0.0
545.125878 0.0
545.131276 0.0
545.138775 0.0
545.143471 0.0
545.147123 0.0
545.151019 0.0
545.155402 0.0
545.159374 0.0
545.163416 0.0
545.167492 0.0
545.171507 0.0
545.17585 0.0
545.179883 0.0
545.184149 0.0
545.192249 0.0
545.198823 0.0
545.203911 0.0
545.208753 0.0
545.215725 0.0
545.222946 0.0
545.229388 0.0
545.234648 0.0
545.247673 0.0
545.255683 0.0
545.264166 0.0
545.268785 0.0
545.273664 0.0
545.27779 0.0
545.282147 0.0
545.286735 0.0
545.290714 0.0
545.295401 0.0
545.299414 0.0
545.303657 0.0
545.307999 0.0
545.312175 0.0
545.316848 0.0
545.321218 0.0
545.326172 0.0
545.33042 0.0
545.334578 0.0
545.339356 0.0
545.343582 0.0
545.348412 0.0
545.352538 0.0
545.357044 0.0
545.361359 0.0
545.365462 0.0
545.369783 0.0
545.373818 0.0
545.378148 0.0
545.38237 0.0
545.38707 0.0
545.39125 0.0
545.3956 0.0
545.40078 0.0
545.406001 0.0
545.411264 0.0
545.416608 0.0
545.421759 0.0
545.42725 0.0
545.432463 0.0
545.438038 0.0
545.443382 0.0
545.448656 0.0
545.453789 0.0
545.459159 0.0
545.464293 0.0
545.469507 0.0
545.474836 0.0
545.482529 0.0
545.487465 0.0
545.492455 0.0
545.499906 0.0
545.50666 0.0
545.522642 0.0
545.529782 0.0
545.534164 0.0
545.538366 0.0
545.542566 0.0
545.547047 0.0
545.551531 0.0
545.555899 0.0
545.560557 0.0
545.56485 0.0
545.569168 0.0
545.573967 0.0
545.578726 0.0
545.583048 0.0
545.587484 0.0
545.591951 0.0
545.596889 0.0
545.601185 0.0
545.606378 0.0
545.610763 0.0
545.615444 0.0
545.619838 0.0
545.624373 0.0
545.628996 0.0
545.633271 0.0
545.639049 0.0
545.644775 0.0
545.65087 0.0
545.65533 0.0
545.659915 0.0
545.664095 0.0
545.668592 0.0
545.672827 0.0
545.677091 0.0
545.681376 0.0
545.68557 0.0
545.690024 0.0
545.69424 0.0
545.698522 0.0
545.703057 0.0
545.707219 0.0
545.71167 0.0
545.715801 0.0
545.720213 0.0
545.724504 0.0
545.728741 0.0
545.73342 0.0
545.737641 0.0
545.742321 0.0
545.746757 0.0
545.751113 0.0
545.7556 0.0
545.759913 0.0
545.764326 0.0
545.768659 0.0
545.773259 0.0
545.777677 0.0
545.782133 0.0
545.786819 0.0
545.792378 0.0
545.797788 0.0
545.80249 0.0
545.807649 0.0
545.812192 0.0
545.81675 0.0
545.821396 0.0
545.826384 0.0
545.830853 0.0
545.835292 0.0
545.840086 0.0
545.845294 0.0
545.850755 0.0
545.855956 0.0
545.860614 -0.01275028090305924
545.865103 -0.01275028090305924
545.869736 -0.01275028090305924
545.874032 -0.01275028090305924
545.87835 -0.0176402809030593
545.882442 -0.0176402809030593
545.886423 -0.0176402809030593
545.890658 -0.0176402809030593
545.894674 -0.0176402809030593
545.89897 0.020973133094695336
545.903073 0.020973133094695336
545.907114 0.020973133094695336
545.911432 0.04050313309469539
545.915404 0.04050313309469539
545.919425 0.04050313309469539
545.923853 0.04050313309469539
545.928176 0.04050313309469539
545.932597 0.0
545.937026 0.0
545.941447 0.0
545.945747 0.0
545.950166 0.0
545.954759 0.0
545.959048 0.0
545.963654 0.0
545.968226 0.0
545.972745 0.0
545.977067 0.0
545.981285 0.0
545.985759 0.0
545.990049 0.0
545.994566 0.0
545.998861 0.0
546.003179 0.0
546.007518 0.0
546.011889 0.0
546.016539 -0.007870280903059244
546.02108 -0.007870280903059244
546.025663 0.0
546.030881 0.0
546.03603 0.0
546.041283 0.0
546.046594 0.0
546.051844 0.0
546.056999 0.0
546.06229 0.0
546.067598 0.0
546.072812 0.0
546.078626 0.0
546.084477 0.0
546.089856 0.0
546.095373 0.0
546.101058 0.0
546.106387 0.0
546.112503 0.0
546.118884 0.0
546.125574 0.0
546.130776 0.0
546.13637 0.0
546.141905 0.0
546.147354 0.0
546.152681 0.0
546.158047 0.0
546.163615 0.0
546.168992 0.0
546.174047 0.0
546.178903 0.0
546.1855 0.0
546.191004 0.0
546.1952 0.0
546.199213 0.0
546.209357 0.0
546.213618 0.0
546.218446 0.0
546.222747 0.0
546.227202 0.0
546.231181 0.0
546.23529 0.0
546.240025 0.0
546.24445 0.0
546.249079 0.0
546.253569 0.0
546.258013 0.0
546.262458 0.0
546.266848 0.0
546.27144 0.0
546.27567 0.0
546.28065 0.0
546.285024 0.0
546.289459 0.0
546.293778 0.0
546.298479 0.0
546.302762 0.0
546.306741 0.0
546.310867 0.0
546.314968 0.0
546.319292 0.0
546.323558 0.0
546.327659 0.0
546.331984 0.0
546.336164 0.0
546.340412 0.0
546.344603 0.0
546.348842 0.0
546.354166 0.0
546.358453 0.0
546.363037 0.0
546.367146 0.0
546.37118 0.0
546.376188 0.0
546.380551 0.0
546.384853 0.0
546.389098 0.0
546.393368 0.0
546.397833 0.0
546.402156 0.0
546.408321 0.0
546.413133 0.0
546.417599 0.0
546.421969 0.0
546.42659 0.0
546.431207 0.0
546.435671 0.0
546.44012 0.0
546.444792 0.0
546.449319 0.0
546.453753 0.0
546.458346 0.0
546.462807 0.0
546.467398 0.0
546.471594 0.0
546.47579 0.0
546.479822 0.0
546.484149 0.0
546.488409 0.0
546.492569 0.0
546.496862 0.0
546.500879 0.0
546.50506 0.0
546.509284 0.0
546.513597 0.0
546.517893 0.0
546.522011 0.0
546.526101 0.0
546.530442 0.0
546.534928 0.0
546.539551 0.0
546.543931 0.0
546.548378 0.0
546.553047 0.0
546.557421 0.0
546.561809 0.0
546.566159 0.0
546.570452 0.0
546.574799 0.0
546.5791 0.0
546.583652 0.0
546.588031 0.0
546.592331 0.0
546.596782 0.0
546.601216 0.0
546.60554 0.0
546.609872 0.0
546.614338 0.0
546.61862 0.0
546.623181 0.0
546.627474 0.0
546.632156 0.0
546.63644 0.0
546.641304 0.0
546.646081 0.0
546.650666 0.0
546.655753 0.0
546.660388 0.0
546.664679 0.0
546.668835 0.0
546.675399 0.0
546.687288 0.0
546.693202 0.0
546.699522 0.0
546.705683 0.0
546.711607 0.0
546.718214 0.0
546.723644 0.0
546.729595 0.0
546.735639 0.0
546.741898 0.0
546.747639 0.0
546.753295 0.0
546.759139 0.0
546.765001 0.0
546.771137 0.0
546.776922 0.0
546.782967 0.0
546.788857 0.0
546.793277 0.0
546.797573 0.0
546.802088 0.0
546.806546 0.0
546.811723 0.0
546.815775 0.0
546.82005 0.0
546.824297 0.0
546.828238 0.0
546.832984 0.0
546.83691 0.0
546.841587 0.0
546.845594 0.0
546.850043 0.0
546.85454 0.0
546.858858 0.0
546.865014 0.0
546.870441 0.0
546.874976 0.0
546.879316 0.0
546.884031 0.0
546.888976 0.0
546.894526 0.0
546.899814 0.0
546.905298 0.0
546.910403 0.0
546.914505 0.0
546.918604 0.0
546.922777 0.0
546.929643 0.0
546.936566 0.0
546.942426 0.0
546.947195 0.0
546.952943 0.0
546.960249 0.0
546.966761 0.0
546.971294 0.0
546.976284 0.0
546.981438 0.0
546.98673 0.0
546.992755 0.0
546.997345 0.0
547.0021 0.0
547.006571 0.0
547.011178 0.0
547.015506 0.0
547.020144 0.0
547.024649 0.0
547.029 0.0
547.033212 0.0
547.037528 0.0
547.042551 0.0
547.046612 0.0
547.050768 0.0
547.05494 0.0
547.058983 0.0
547.063412 0.0
547.067487 0.0
547.071775 0.0
547.075993 0.0
547.079987 0.0
547.084312 0.0
547.088369 0.0
547.092666 0.0
547.096818 0.0
547.101059 0.0
547.105189 0.0
547.109278 0.0
547.113477 0.0
547.117771 0.0
547.121983 0.0
547.126094 0.0
547.130157 0.0
547.134419 0.0
547.138564 0.0
547.142807 0.0
547.146889 0.0
547.150914 0.0
547.155119 0.0
547.159343 0.0
547.163605 0.0
547.167783 0.0
547.171859 0.0
547.176024 0.0
547.18019 0.0
547.184498 0.0
547.188578 0.0
547.192639 0.0
547.196855 0.0
547.201097 0.0
547.205183 0.0
547.209435 0.0
547.213539 0.0
547.21803 0.0
547.222731 0.0
547.227072 0.0
547.231349 0.0
547.236351 0.0
547.241004 0.0
547.245484 0.0
547.250297 0.0
547.25539 0.0
547.261909 0.0
547.268424 0.0
547.273607 0.0
547.279205 0.0
547.284513 0.0
547.28981 0.0
547.295087 0.0
547.300675 0.0
547.304862 0.0
547.309323 0.0
547.313455 0.0
547.317599 0.0
547.32776 0.0
547.332073 0.0
547.336386 0.0
547.340721 0.0
547.344981 0.0
547.349171 0.0
547.353567 0.0
547.357789 0.0
547.362167 0.0
547.366334 0.0
547.370735 0.0
547.374964 0.0
547.379204 0.0
547.384326 0.0
547.388324 0.0
547.392781 0.0
547.396747 0.0
547.400799 0.0
547.4048 0.0
547.408881 0.0
547.413211 0.0
547.417257 0.0
547.421524 0.0
547.425665 0.0
547.429744 0.0
547.434174 0.0
547.438196 0.0
547.442271 0.0
547.446558 0.0
547.450906 0.0
547.455322 0.0
547.459736 0.0
547.464166 0.0
547.468587 0.0
547.472915 0.0
547.477307 0.03562313309469539
547.481581 0.03562313309469539
547.486119 0.050273133094695444
547.490749 0.050273133094695444
547.495671 0.050273133094695444
547.500065 0.050273133094695444
547.50448 0.050273133094695444
547.509526 0.0
547.514264 0.0
547.520774 0.0
547.525941 0.0
547.53187 -0.03228028090305929
547.537785 -0.03228028090305929
547.54323 -0.03228028090305929
547.548842 0.0
547.554742 0.0
547.561018 0.0
547.56727 0.0
547.572795 -0.03228028090305929
547.578197 -0.03228028090305929
547.583388 -0.03228028090305929
547.587752 -0.03228028090305929
547.593168 -0.0518202809030594
547.598403 -0.0518202809030594
547.603026 -0.0518202809030594
547.607351 -0.0518202809030594
547.612649 -0.07135028090305923
547.617818 -0.07135028090305923
547.623607 -0.03228028090305929
547.628743 -0.03228028090305929
547.634136 -0.03228028090305929
547.639262 -0.03228028090305929
547.644806 0.0
547.649808 0.0
547.655266 0.0
547.660394 0.0
547.677944 0.011213133094695347
547.682159 0.011213133094695347
547.686728 0.01609313309469534
547.690744 0.01609313309469534
547.694686 0.01609313309469534
547.699162 0.0
547.703142 0.0
547.707383 0.0
547.711362 0.0
547.71543 0.0
547.719743 0.0
547.723738 0.0
547.729426 0.0
547.733416 0.0
547.737388 0.0
547.741494 0.0
547.745115 0.0
547.748705 0.0
547.752485 0.0
547.756107 0.0
547.760192 0.011213133094695347
547.76435 0.011213133094695347
547.768282 0.011213133094695347
547.772499 0.0
547.776459 0.0
547.780637 0.0
547.784875 0.0
547.78899 0.0
547.793762 0.0
547.797908 0.0
547.801959 0.0
547.806327 0.0
547.810456 0.0
547.814919 0.0
547.819029 0.0
547.823244 0.0
547.827616 0.0
547.832095 0.0
547.837307 0.0
547.842117 0.0
547.847085 0.0
547.85146 0.0
547.856099 0.0
547.860391 0.0
547.864625 0.0
547.8688 0.0
547.872787 0.0
547.877156 0.0
547.881136 0.0
547.885295 0.0
547.889458 0.0
547.893439 0.0
547.897655 0.0
547.901765 0.0
547.905824 0.0
547.90995 0.0
547.913958 0.0
547.917969 0.0
547.922082 0.0
547.92625 0.0
547.930427 0.0
547.934441 0.0
547.938459 0.0
547.942599 0.0
547.94708 0.0
547.951167 0.0
547.955174 0.0
547.959347 0.0
547.963553 0.0
547.967791 0.0
547.971844 0.0
547.975833 0.0
547.979873 0.0
547.984007 0.0
547.988131 0.0
547.992167 0.0
547.99628 0.0
548.000417 0.0
548.004572 0.0
548.008869 0.0
548.013239 0.0
548.017591 0.0
548.022028 0.0
548.026111 0.0
548.030211 0.0
548.034149 0.0
548.038233 0.0
548.042285 0.0
548.046537 0.0
548.050623 0.0
548.054572 0.0
548.058989 0.0
548.063528 0.0
548.067656 0.0
548.072101 0.0
548.076446 0.0
548.081463 0.0
548.085538 0.0
548.089631 0.0
548.094105 0.0
548.098423 0.0
548.103027 0.0
548.107098 0.0
548.111221 0.0
548.115852 0.0
548.120892 0.0
548.126334 0.0
548.131172 0.0
548.135645 0.0
548.140081 0.0
548.144572 0.0
548.14884 0.0
548.153369 0.0
548.157584 0.0
548.161949 0.0
548.166805 0.0
548.170775 0.0
548.175259 0.0
548.179309 0.0
548.183314 0.0
548.187543 0.0
548.191535 0.0
548.195874 0.0
548.199875 0.0
548.203866 0.0
548.20816 0.0
548.212153 0.0
548.216486 0.0
548.220473 0.0
548.224461 0.0
548.228723 0.0
548.232661 0.0
548.236921 0.0
548.240901 0.0
548.244866 0.0
548.249179 0.0
548.253143 0.0
548.257272 0.0
548.261412 0.0
548.265525 0.0
548.269878 0.0
548.273917 0.0
548.278042 0.0
548.282151 0.0
548.28615 0.0
548.290446 0.0
548.294407 0.0
548.298427 0.0
548.302523 0.0
548.306507 0.0
548.310889 0.0
548.314914 0.0
548.31901 0.0
548.323157 0.0
548.32714 0.0
548.331405 0.0
548.335535 0.0
548.339589 0.0
548.343752 0.0
548.347765 0.0
548.352106 0.0
548.35673 0.0
548.361221 0.0
548.365517 0.0
548.369813 0.0
548.374347 0.0
548.378438 0.0
548.382712 0.0
548.387102 0.0
548.39148 0.0
548.397002 0.0
548.402339 0.0
548.406752 0.0
548.410858 0.0
548.415012 0.0
548.419142 0.0
548.42321 0.0
548.427296 0.0
548.431299 0.0
548.435293 0.0
548.439489 0.0
548.443599 0.0
548.447667 0.0
548.45166 0.0
548.455911 0.0
548.460061 0.0
548.46423 0.0
548.468316 0.0
548.472342 0.0
548.476583 0.0
548.480717 0.0
548.485039 0.0
548.489152 0.0
548.493171 0.0
548.497431 0.0
548.501578 0.0
548.505662 0.0
548.509972 0.0
548.514205 0.0
548.518844 0.0
548.523154 0.0
548.527444 0.0
548.532031 0.0
548.536187 0.0
548.540573 0.0
548.545083 0.0
548.549541 0.0
548.553834 0.0
548.558264 0.0
548.56261 0.0
548.566838 0.0
548.571287 0.0
548.575749 0.0
548.580024 0.0
548.584302 0.0
548.588662 -0.007870280903059244
548.593002 -0.007870280903059244
548.597457 -0.007870280903059244
548.601744 -0.007870280903059244
548.606018 -0.007870280903059244
548.610426 0.0
548.61468 0.0
548.618891 0.0
548.623654 0.0
548.629433 0.0
548.635413 -0.0176402809030593
548.640867 -0.0176402809030593
548.646459 -0.0176402809030593
548.652931 0.0
548.658615 0.0
548.663571 0.0
548.667819 0.0
548.675663 0.06492313309469527
548.684163 0.1918731330946954
548.688221 0.1918731330946954
548.693157 0.1918731330946954
548.697301 0.1918731330946954
548.701904 0.1918731330946954
548.706539 0.29441313309469525
548.717298 0.29441313309469525
548.721327 0.29441313309469525
548.726291 0.06980313309469527
548.732901 0.06980313309469527
548.737319 0.06980313309469527
548.741302 0.06980313309469527
548.745864 0.0
548.750032 0.0
548.754189 0.0
548.759119 0.0
548.763445 0.0
548.768235 -0.027400280903059293
548.772493 -0.027400280903059293
548.777807 -0.07135028090305923
548.784162 -0.07135028090305923
548.790666 -0.07135028090305923
548.797035 -0.12994028090305937
548.80117 -0.12994028090305937
548.805202 -0.12994028090305937
548.809568 -0.12994028090305937
548.813629 -0.12994028090305937
548.818131 -0.15924028090305925
548.822266 -0.15924028090305925
548.826271 -0.15924028090305925
548.830506 -0.15924028090305925
548.834614 -0.15924028090305925
548.838818 -0.12994028090305937
548.842996 -0.12994028090305937
548.846951 -0.12994028090305937
548.851168 -0.12994028090305937
548.855274 -0.12994028090305937
548.859433 -0.06646028090305939
548.863604 -0.06646028090305939
548.86762 -0.06646028090305939
548.872057 -0.06646028090305939
548.876191 -0.06646028090305939
548.88028 0.0
548.884459 0.0
548.888379 0.0
548.893128 0.03562313309469539
548.897547 0.03562313309469539
548.902209 0.03562313309469539
548.906643 0.03562313309469539
548.911024 0.03562313309469539
548.915723 0.0
548.920236 0.0
548.927775 0.0
548.933371 -0.007870280903059244
548.938081 -0.007870280903059244
548.942262 -0.007870280903059244
548.946858 -0.007870280903059244
548.951047 -0.007870280903059244
548.955565 -0.027400280903059293
548.959964 -0.027400280903059293
548.968948 -0.027400280903059293
548.976412 -0.007870280903059244
548.98049 -0.007870280903059244
548.985124 -0.007870280903059244
548.989547 0.0
548.993593 0.0
548.998226 0.0
549.002218 0.0
549.006822 0.0
549.011261 0.0
549.015555 0.0
549.020083 0.0
549.024417 0.0
549.028949 0.0
549.033167 0.0
549.037408 0.0
549.041815 0.0
549.046104 0.0
549.05061 0.0
549.055019 0.0
549.05918 0.0
549.06359 0.0
549.067885 0.0
549.072526 0.0
549.076678 0.0
549.08118 0.0
549.085331 0.0
549.089554 0.0
549.094032 0.0
549.09827 0.0
549.103113 0.0
549.108349 0.0
549.113637 0.0
549.118822 0.0
549.123662 0.0
549.127737 0.0
549.131709 0.0
549.135852 0.0
549.13986 0.0
549.1441 0.0
549.148132 0.0
549.152076 0.0
549.156181 0.0
549.160186 0.0
549.164422 0.0
549.168375 0.0
549.172389 0.0
549.176561 0.0
549.180572 0.0
549.18471 0.0
549.188762 0.0
549.192653 0.0
549.197002 0.0
549.200993 0.0
549.205566 0.0
549.20981 0.0
549.21421 0.0
549.218543 0.0
549.222488 0.0
549.226905 0.0
549.231166 0.0
549.235671 0.0
549.239818 0.0
549.243916 0.0
549.248034 0.0
549.259336 0.0
549.268088 0.0
549.274193 0.0
549.280451 0.0
549.286666 0.0
549.293215 0.0
549.299494 0.0
549.304142 0.0
549.308843 0.0
549.312991 0.0
549.3172 0.0
549.321564 0.0
549.325732 0.0
549.330002 0.0
549.334222 0.0
549.338413 0.0
549.342749 0.0
549.346921 0.0
549.351477 0.0
549.355647 0.0
549.359896 0.0
549.364972 0.0
549.372145 0.0
549.376477 0.0
549.380888 0.0
549.384899 0.0
549.389281 0.0
549.393743 0.0
549.398041 0.0
549.402554 0.0
549.407022 0.0
549.413254 0.0
549.417503 0.0
549.421911 0.0
549.427178 0.0
549.431645 0.0
549.436159 0.0
549.44061 0.0
549.44523 0.0
549.449489 0.0
549.454032 0.0
549.459233 0.0
549.464805 0.0
549.470105 0.0
549.475628 0.0
549.480902 0.0
549.486429 0.0
549.491964 0.0
549.498674 0.0
549.502683 0.0
549.50736 0.0
549.515125 0.0
549.520715 0.0
549.525129 0.0
549.52975 0.0
549.5355 0.0
549.542072 0.0
549.548584 0.0
549.553485 0.0
549.558055 0.0
549.56301 0.0
549.568773 0.0
549.57496 0.0
549.579432 0.0
549.585734 0.0
549.5904 0.0
549.59593 0.0
549.600271 0.0
549.604802 0.0
549.609304 0.0
549.613906 0.0
549.618769 0.0
549.623431 0.0
549.628222 0.0
549.632499 0.0
549.637317 0.0
549.641571 0.0
549.646028 0.0
549.650749 0.0
549.655201 0.0
549.659911 0.0
549.664202 0.0
549.668717 0.0
549.673007 0.0
549.676989 0.0
549.68135 0.0
549.685591 0.0
549.690677 0.0
549.69581 0.0
549.69955 0.0
549.703387 0.0
549.70699 0.0
549.710859 0.0
549.714626 0.0
549.718278 0.0
549.72221 0.0
549.72599 0.0
549.729645 0.0
549.73372 -0.007870280903059244
549.738079 -0.007870280903059244
549.741877 -0.007870280903059244
549.745747 -0.007870280903059244
549.749424 -0.007870280903059244
549.753443 0.0
549.757188 0.0
549.760813 0.0
549.764597 0.0
549.76844 0.0
549.772237 0.0
549.776232 0.0
549.780778 0.0
549.785408 0.0
549.790062 0.0
549.794405 0.0
549.798584 0.0
549.803273 0.0
549.807831 0.0
549.812111 0.0
549.816395 0.0
549.828773 0.0
549.833438 0.0
549.838514 0.0
549.842828 0.0
549.847374 0.0
549.851547 0.0
549.855664 0.0
549.859738 0.0
549.863806 0.0
549.868375 0.0
549.872542 0.0
549.876598 0.0
549.88074 0.0
549.884778 0.0
549.88906 0.0
549.89315 0.0
549.897182 0.0
549.901288 0.0
549.905236 0.0
549.909481 0.0
549.91346 0.0
549.917747 0.0
549.921809 0.0
549.925863 0.0
549.929909 0.0
549.934019 0.0
549.938249 0.0
549.942353 0.0
549.946275 0.0
549.950515 0.0
549.954507 0.0
549.958787 0.0
549.962776 0.0
549.966861 0.0
549.971111 0.0
549.975337 0.0
549.97977 0.0
549.983758 0.0
549.98778 0.0
549.991894 0.0
549.995978 0.0
550.000123 0.0
550.004132 0.0
550.008097 0.0
550.012425 0.0
550.016405 0.0
550.020829 0.0
550.024791 0.0
550.031215 -0.007870280903059244
550.038968 -0.007870280903059244
550.043872 -0.007870280903059244
550.048102 -0.007870280903059244
550.052621 0.0
550.057769 0.0
550.061932 0.0
550.067009 0.0
550.073857 0.0
550.079836 0.0
550.083648 0.0
550.088084 0.0
550.092727 0.0
550.097479 0.0
550.10153 0.0
550.105802 0.0
550.110099 0.0
550.115674 0.0
550.121196 0.0
550.126362 0.0
550.130682 0.0
550.135469 0.0
550.14004 0.0
550.14443 0.0
550.149437 0.0
550.153754 0.0
550.158423 0.0
550.162748 0.0
550.167067 0.0
550.171235 0.0
550.175429 0.0
550.17988 0.0
550.183893 0.0
550.188204 0.0
550.192291 0.0
550.196259 0.0
550.200748 0.0
550.20476 0.0
550.209066 0.0
550.21314 0.0
550.217191 0.0
550.221452 0.0
550.225507 0.0
550.229876 0.0
550.23403 0.0
550.23802 0.0
550.242498 -0.007870280903059244
550.246482 -0.007870280903059244
550.250727 -0.007870280903059244
550.254848 -0.007870280903059244
550.258891 -0.007870280903059244
550.263275 0.0
550.267388 0.0
550.271461 0.0
550.275742 0.0
550.27989 0.0
550.284279 0.0
550.288414 0.0
550.29245 0.0
550.298046 0.0
550.302986 0.0
550.307572 0.0
550.311935 0.0
550.316514 0.0
550.320735 0.0
550.325346 0.0
550.329766 0.0
550.334303 0.0
550.338756 0.0
550.343305 0.0
550.347863 0.0
550.352271 0.0
550.356735 0.0
550.360953 0.0
550.365199 0.0
550.369797 0.0
550.374159 0.0
550.378364 0.0
550.382673 0.0
550.386836 0.0
550.391625 0.0
550.39763 0.0
550.404603 0.0
550.409809 0.0
550.415427 0.0
550.42073 0.0
550.426151 0.0
550.43134 0.0
550.437005 0.0
550.442202 0.0
550.447774 0.0
550.451901 0.0
550.456012 0.0
550.460151 0.0
550.464073 0.0
550.468449 -0.007870280903059244
550.472493 -0.007870280903059244
550.476803 -0.007870280903059244
550.480964 -0.007870280903059244
550.48506 -0.007870280903059244
550.4896 -0.07135028090305923
550.493759 -0.07135028090305923
550.497842 -0.07135028090305923
550.501678 -0.07135028090305923
550.505337 -0.07135028090305923
550.512236 -0.09088028090305927
550.515787 -0.09088028090305927
550.519886 -0.09088028090305927
550.523526 -0.09088028090305927
550.527167 -0.09088028090305927
550.531377 -0.04693028090305934
550.535419 -0.04693028090305934
550.539369 -0.04693028090305934
550.544003 0.0
550.547987 0.0
550.552244 0.0
550.556173 0.0
550.560193 0.0
550.565107 0.020973133094695336
550.569097 0.020973133094695336
550.573733 0.020973133094695336
550.57787 0.020973133094695336
550.582 0.020973133094695336
550.586985 0.025863133094695397
550.591019 0.025863133094695397
550.595515 0.025863133094695397
550.599532 0.025863133094695397
550.603968 0.0
550.608276 0.0
550.612594 0.0
550.617502 0.0
550.621666 0.0
550.626583 0.0
550.631903 0.0
550.638222 0.0
550.643004 0.0
550.648382 0.0
550.652844 0.0
550.657352 0.0
550.661793 0.0
550.666771 0.0
550.672186 0.0
550.678248 0.011213133094695347
550.682648 0.011213133094695347
550.687025 0.011213133094695347
550.692418 0.011213133094695347
550.698165 0.011213133094695347
550.703606 0.011213133094695347
550.708683 0.011213133094695347
550.71301 0.011213133094695347
550.717045 0.011213133094695347
550.721316 0.0
550.725359 0.0
550.729489 0.0
550.733683 0.0
550.73774 0.0
550.742113 0.0
550.746619 0.0
550.75068 0.0
550.754503 0.0
550.758153 0.0
550.762062 0.0
550.765951 0.0
550.769557 0.0
550.773874 0.0
550.778085 0.0
550.782307 0.0
550.786934 0.0
550.792482 0.0
550.796341 0.0
550.799985 0.0
550.803788 0.0
550.807619 0.0
550.811345 0.0
550.81539 0.0
550.819161 0.0
550.822839 0.0
550.826821 0.0
550.830991 0.0
550.835213 0.0
550.839414 0.0
550.843417 0.0
550.847466 0.0
550.851609 0.0
550.855818 0.0
550.859997 0.0
550.864054 0.0
550.868112 0.0
550.872212 0.0
550.876389 0.0
550.886073 0.0
550.890175 0.0
550.894193 0.0
550.898461 0.0
550.902516 0.0
550.907163 0.0
550.911715 0.0
550.916282 0.0
550.920907 0.0
550.925119 0.0
550.929521 0.0
550.933742 0.0
550.938217 0.0
550.942849 0.0
550.94695 0.0
550.951464 0.0
550.955617 0.0
550.96138 0.0
550.972347 0.0
550.977038 0.0
550.982022 0.0
550.986157 0.0
550.990338 0.0
550.994417 0.0
550.998401 0.0
551.002621 0.0
551.006713 0.0
551.010671 0.0
551.014964 0.0
551.018943 0.0
551.023338 0.0
551.027315 0.0
551.031413 0.0
551.035549 0.0
551.039604 0.0
551.044907 0.0
551.049669 0.0
551.054599 0.0
551.059472 0.0
551.064227 0.0
551.068841 0.0
551.073254 0.0
551.077753 0.0
551.08205 0.0
551.086408 0.0
551.090974 0.0
551.095245 0.0
551.09921 0.0
551.103348 0.0
551.107543 0.0
551.112083 0.0
551.116472 0.0
551.120819 0.0
551.125069 0.0
551.129023 0.0
551.133372 0.0
551.137742 0.0
551.142143 0.0
551.146327 0.0
551.150434 0.0
551.154876 0.0
551.15912 0.0
551.163445 0.0
551.167817 0.0
551.17202 0.0
551.177053 0.0
551.181448 0.0
551.185798 0.0
551.190168 0.0
551.194442 0.0
551.199064 0.0
551.203287 0.0
551.207764 0.0
551.212222 0.0
551.219412 0.0
551.224782 0.0
551.229859 0.0
551.234582 0.0
551.239596 0.0
551.244035 0.0
551.24985 0.0
551.255759 0.0
551.262416 0.0
551.26837 0.0
551.274272 0.0
551.279641 0.0
551.2853 0.0
551.290577 0.0
551.296001 0.0
551.301334 0.0
551.306314 0.0
551.310673 0.0
551.315734 0.0
551.320077 0.0
551.324895 0.0
551.329406 0.0
551.333895 0.0
551.338445 0.0
551.343068 0.0
551.347589 0.0
551.351877 0.0
551.356478 0.0
551.36092 0.0
551.365567 0.0
551.369866 0.0
551.374172 0.0
551.378634 0.0
551.383237 0.0
551.387588 0.0
551.391834 0.0
551.395975 0.0
551.400199 0.0
551.404156 0.0
551.40849 0.0
551.412547 0.0
551.416628 0.0
551.420914 0.0
551.424908 0.0
551.42927 0.0
551.433852 0.0
551.45166 -0.01275028090305924
551.457038 -0.01275028090305924
551.462615 0.0
551.467765 0.0
551.473151 0.0
551.478396 0.0
551.484634 0.0
551.490432 0.0
551.496982 0.0
551.502391 0.0
551.510534 0.0
551.518454 0.0
551.524328 0.0
551.529644 0.0
551.535601 0.0
551.541124 0.0
551.546223 0.0
551.551887 0.0
551.557387 0.0
551.562607 0.0
551.568459 0.0
551.573526 0.0
551.577674 0.0
551.581679 0.0
551.586286 0.0
551.590626 0.0
551.594626 0.0
551.599001 0.0
551.60299 0.0
551.606976 0.0
551.611254 0.0
551.615223 0.0
551.619214 0.0
551.623381 0.0
551.627402 0.0
551.631729 0.0
551.636046 0.0
551.640267 0.0
551.64489 0.0
551.649639 0.0
551.654378 0.0
551.658401 0.0
551.663128 0.0
551.667622 0.0
551.672104 0.0
551.676234 0.0
551.680379 0.0
551.68457 0.0
551.688517 0.0
551.692635 0.0
551.696741 0.0
551.701111 0.0
551.705304 0.0
551.709283 0.0
551.713455 0.0
551.717573 0.0
551.721668 0.0
551.725758 0.0
551.730016 0.0
551.734837 0.0
551.738638 0.0
551.742576 0.0
551.74617 0.0
551.749856 0.0
551.753591 0.0
551.757973 0.0
551.761742 0.0
551.765554 0.0
551.769369 0.0
551.773842 0.0
551.778215 0.0
551.782306 0.0
551.786586 0.0
551.790889 0.0
551.795574 0.0
551.799773 0.0
551.80398 0.0
551.809202 0.0
551.814668 0.0
551.820037 0.0
551.824919 0.0
551.829216 0.0
551.83386 0.0
551.838744 -0.022520280903059294
551.843027 -0.022520280903059294
551.847741 -0.022520280903059294
551.851777 -0.022520280903059294
551.855897 -0.022520280903059294
551.860125 -0.0518202809030594
551.864103 -0.0518202809030594
551.868303 -0.0518202809030594
551.872432 -0.0518202809030594
551.876554 -0.0518202809030594
551.880904 0.04539313309469545
551.88665 0.04539313309469545
551.890868 0.04539313309469545
551.8945 0.04539313309469545
551.898867 0.1967531330946954
551.902952 0.1967531330946954
551.90701 0.1967531330946954
551.91248 0.14304313309469524
551.918362 0.14304313309469524
551.923087 0.14304313309469524
551.926663 0.14304313309469524
551.930734 0.08445313309469532
551.934316 0.08445313309469532
551.93796 0.08445313309469532
551.941806 0.08445313309469532
551.945447 0.08445313309469532
551.9491 0.08445313309469532
551.953683 0.07957313309469533
551.95764 0.07957313309469533
551.961906 0.07957313309469533
551.965908 0.07957313309469533
551.969878 0.07957313309469533
551.974224 0.04050313309469539
551.978158 0.04050313309469539
551.98235 0.04050313309469539
551.986333 0.04050313309469539
551.990339 0.04050313309469539
551.99474 -0.042050280903059345
551.998662 -0.042050280903059345
552.0036 -0.042050280903059345
552.007599 -0.042050280903059345
552.011603 -0.042050280903059345
552.015988 -0.13482028090305936
552.019946 -0.13482028090305936
552.02411 -0.13482028090305936
552.028079 -0.13482028090305936
552.032044 -0.13482028090305936
552.036434 -0.14947028090305942
552.040435 -0.14947028090305942
552.044619 -0.15924028090305925
552.049181 -0.15924028090305925
552.055804 -0.15924028090305925
552.065096 -0.03717028090305935
552.071264 -0.03717028090305935
552.075578 -0.03717028090305935
552.080585 -0.03717028090305935
552.085012 -0.03717028090305935
552.089576 0.0
552.093621 0.0
552.098101 0.0
552.102571 0.0
552.112324 0.0
552.122822 0.0
552.132439 0.0
552.137198 0.0
552.144048 -0.007870280903059244
552.15004 -0.007870280903059244
552.156331 -0.007870280903059244
552.162778 -0.0176402809030593
552.168778 -0.0176402809030593
552.174912 -0.0176402809030593
552.181215 0.0
552.186768 0.0
552.191904 0.0
552.198824 0.0
552.207175 0.0
552.213193 0.0
552.218534 0.0
552.223056 0.0
552.227246 0.0
552.231561 0.0
552.237092 0.0
552.243288 0.0
552.248246 0.0
552.25276 0.0
552.257245 0.0
552.262468 0.0
552.267773 0.0
552.273101 0.0
552.278494 0.0
552.28385 0.0
552.289028 0.0
552.293671 0.0
552.298465 0.0
552.302671 0.0
552.307434 0.0
552.311586 0.0
552.316621 0.0
552.32104 0.0
552.325468 0.0
552.330137 0.0
552.334497 0.0
552.339178 0.0
552.343551 0.0
552.348443 0.011213133094695347
552.352753 0.011213133094695347
552.357594 0.011213133094695347
552.362519 0.011213133094695347
552.367177 0.011213133094695347
552.372417 0.011213133094695347
552.378145 0.011213133094695347
552.383192 0.011213133094695347
552.387359 0.011213133094695347
552.392118 -0.0176402809030593
552.397022 -0.0176402809030593
552.40226 -0.0176402809030593
552.408202 -0.0176402809030593
552.41262 -0.0176402809030593
552.417245 0.0
552.422079 0.0
552.42757 0.0
552.431782 0.0
552.436056 0.0
552.441347 0.0
552.446013 0.0
552.450353 0.0
552.454743 0.0
552.459017 0.0
552.463411 0.0
552.46788 0.0
552.472203 0.0
552.476624 0.0
552.48085 0.0
552.485272 0.0
552.489664 0.0
552.494025 0.0
552.498408 0.0
552.502666 0.0
552.507467 0.0
552.511852 0.0
552.51626 0.0
552.521037 0.0
552.525307 0.0
552.529788 0.0
552.533954 0.0
552.538129 0.0
552.542381 0.0
552.546589 0.0
552.550866 0.0
552.555006 0.0
552.55927 0.0
552.563407 0.0
552.567545 0.0
552.571585 0.0
552.575589 0.0
552.585595 0.0
552.589876 0.0
552.593911 0.0
552.598336 0.0
552.602291 0.0
552.606485 0.0
552.610596 0.0
552.614771 0.0
552.618993 0.0
552.623141 0.0
552.627128 0.0
552.631471 0.0
552.63601 0.0
552.641434 -0.0176402809030593
552.645928 -0.0176402809030593
552.650422 -0.0176402809030593
552.654988 -0.0176402809030593
552.659847 0.020973133094695336
552.664619 0.020973133094695336
552.669869 0.020973133094695336
552.674338 0.020973133094695336
552.680038 0.0
552.685644 0.0
552.692523 -0.01275028090305924
552.696986 -0.01275028090305924
552.702832 -0.01275028090305924
552.707892 -0.01275028090305924
552.712899 -0.03717028090305935
552.717353 -0.03717028090305935
552.721568 -0.03717028090305935
552.726182 -0.03717028090305935
552.732481 0.03562313309469539
552.738571 0.03562313309469539
552.742252 0.03562313309469539
552.745988 0.03562313309469539
552.750433 0.03562313309469539
552.754286 0.0
552.758099 0.0
552.762777 0.0
552.766724 0.0
552.770576 0.0
552.774495 0.0
552.778192 0.0
552.78209 0.0
552.78632 0.0
552.790475 0.0
552.794545 0.0
552.798642 0.0
552.802886 0.0
552.80723 0.0
552.811289 0.0
552.815354 0.0
552.819561 0.0
552.823819 0.0
552.827976 0.0
552.832168 0.0
552.836132 0.0
552.840283 0.0
552.844461 0.0
552.848711 0.0
552.85275 0.0
552.856877 0.0
552.860913 0.0
552.865077 0.0
552.869193 0.0
552.873232 0.0
552.877731 0.0
552.881833 0.0
552.885914 0.0
552.890254 0.0
552.894289 0.0
552.898658 0.0
552.902784 0.0
552.906894 0.0
552.910997 0.0
552.914915 0.0
552.919363 0.0
552.923557 0.0
552.92828 0.0
552.932596 0.0
552.936728 0.0
552.94149 0.0
552.945662 0.0
552.950023 0.0
552.954211 0.0
552.958887 0.0
552.969198 0.0
552.976843 0.0
552.982327 0.0
552.987116 0.0
552.990749 0.0
552.994573 0.0
552.998464 0.0
553.002117 0.0
553.005807 0.0
553.009744 0.0
553.01435 0.0
553.018819 0.0
553.022763 0.0
553.027371 0.0
553.031528 0.0
553.035747 0.0
553.040036 0.0
553.044094 0.0
553.048513 0.0
553.052572 0.0
553.056609 0.0
553.060823 0.0
553.064851 0.0
553.069273 0.0
553.074944 0.0
553.082366 0.0
553.087416 0.0
553.091492 0.0
553.09506 0.0
553.098749 0.0
553.102772 0.0
553.106433 0.0
553.110467 0.0
553.114037 0.0
553.117617 0.0
553.121441 0.0
553.126415 0.0
553.129902 0.0
553.133903 0.0
553.138893 0.0
553.146087 0.0
553.152346 0.0
553.159459 0.0
553.16528 0.0
553.169865 0.0
553.175142 0.0
553.181336 0.0
553.187795 0.0
553.194462 0.0
553.200592 0.0
553.207911 0.0
553.215567 0.0
553.22092 0.0
553.225643 0.0
553.230119 0.0
553.234729 0.0
553.240364 0.0
553.2448 0.0
553.249559 0.0
553.25423 0.0
553.259417 0.0
553.264674 0.0
553.270599 0.0
553.27502 0.0
553.279921 0.0
553.284359 0.0
553.288822 0.0
553.293561 0.0
553.297914 0.0
553.302658 0.0
553.307142 0.0
553.311541 0.0
553.315763 0.0
553.319666 0.0
553.324145 0.0
553.328123 0.0
553.332371 0.0
553.336473 0.0
553.340483 0.0
553.344903 0.0
553.349544 0.0
553.35404 0.0
553.358276 0.0
553.362417 0.0
553.366496 0.0
553.370489 0.0
553.374874 0.0
553.378842 0.0
553.382893 0.0
553.386837 0.0
553.390989 0.0
553.395402 0.0
553.399375 0.0
553.403534 0.0
553.407659 0.0
553.411769 0.0
553.416006 0.0
553.420019 0.0
553.424209 0.0
553.428272 0.0
553.432409 0.0
553.43675 -0.007870280903059244
553.440795 -0.007870280903059244
553.445017 -0.007870280903059244
553.449141 -0.007870280903059244
553.453157 -0.007870280903059244
553.457517 0.0
553.461511 0.0
553.465746 0.0
553.469827 0.0
553.47382 0.0
553.478109 0.0
553.482131 0.0
553.486403 0.0
553.490472 0.0
553.494609 0.0
553.499279 0.0
553.504265 0.0
553.510336 0.0
553.515162 0.0
553.521747 0.0
553.526924 0.0
553.532279 0.0
553.537308 0.0
553.546889 0.0
553.555346 0.0
553.559048 0.0
553.563997 0.0
553.568549 0.0
553.573056 0.0
553.57745 0.0
553.581729 0.0
553.586017 0.0
553.590069 0.0
553.594175 0.0
553.598255 0.0
553.602296 0.0
553.606554 0.0
553.610607 0.0
553.614713 0.0
553.618749 0.0
553.622839 0.0
553.627085 0.0
553.631191 0.0
553.635235 0.0
553.639304 0.0
553.643281 0.0
553.647782 0.0
553.651836 0.0
553.656123 0.0
553.660152 0.0
553.664183 0.0
553.668492 0.0
553.677854 0.0
553.681877 0.0
553.685925 0.0
553.689979 0.0
553.694038 0.0
553.6984 0.0
553.702506 0.0
553.706559 0.0
553.710657 0.0
553.714666 0.0
553.718979 0.0
553.722896 0.0
553.726832 0.0
553.731016 0.0
553.734966 0.0
553.739111 0.0
553.743102 0.0
553.747172 0.0
553.751385 0.0
553.755457 0.0
553.759649 0.0
553.763761 0.0
553.767744 0.0
553.772315 0.0
553.776538 0.0
553.781138 0.0
553.785944 0.0
553.791206 0.0
553.796042 0.0
553.800792 0.0
553.805091 0.0
553.810081 -0.007870280903059244
553.814923 -0.007870280903059244
553.819325 -0.007870280903059244
553.823793 -0.007870280903059244
553.827855 -0.007870280903059244
553.832486 -0.007870280903059244
553.837566 0.011213133094695347
553.844095 0.011213133094695347
553.849675 0.04050313309469539
553.855111 0.04050313309469539
553.85925 0.04050313309469539
553.863293 0.04050313309469539
553.86727 0.04050313309469539
553.871497 0.05515313309469544
553.875476 0.05515313309469544
553.879587 0.05515313309469544
553.883533 0.05515313309469544
553.887557 0.05515313309469544
553.891754 0.0
553.895843 0.0
553.899861 0.0
553.90389 0.0
553.907879 0.0
553.912226 -0.03717028090305935
553.916187 -0.03717028090305935
553.920336 -0.027400280903059293
553.924395 -0.027400280903059293
553.928378 -0.027400280903059293
553.932584 -0.027400280903059293
553.936545 -0.027400280903059293
553.940641 -0.027400280903059293
553.944874 -0.07135028090305923
553.949009 -0.07135028090305923
553.953228 -0.07135028090305923
553.957266 -0.07135028090305923
553.961231 -0.07135028090305923
553.965499 -0.06158028090305939
553.969486 -0.06158028090305939
553.973552 -0.06158028090305939
553.977535 -0.06158028090305939
553.98161 -0.06158028090305939
553.985864 -0.0176402809030593
553.989899 -0.0176402809030593
553.9939 -0.0176402809030593
553.997964 -0.0176402809030593
554.001873 -0.0176402809030593
554.006158 0.0
554.010095 0.0
554.014133 0.0
554.018132 0.0
554.022099 0.0
554.026406 0.0
554.030345 0.0
554.034603 0.0
554.038579 0.0
554.042605 0.0
554.046779 0.0
554.050848 0.0
554.05583 0.0
554.060229 0.0
554.064457 0.0
554.06892 0.0
554.073199 0.0
554.07803 0.0
554.082531 0.0
554.087747 0.0
554.092181 0.0
554.09654 0.0
554.101674 0.0
554.106264 0.0
554.11097 0.0
554.11533 0.0
554.120043 0.011213133094695347
554.124458 0.011213133094695347
554.129405 0.011213133094695347
554.134563 0.011213133094695347
554.140097 0.011213133094695347
554.144404 0.011213133094695347
554.148731 0.011213133094695347
554.153301 0.0
554.157657 0.0
554.162027 0.0
554.16643 0.0
554.170721 0.0
554.175107 0.0
554.179384 0.0
554.183792 0.0
554.188095 0.0
554.192582 0.0
554.196838 0.0
554.201242 0.0
554.206444 0.0
554.211925 0.0
554.217316 0.0
554.222725 0.0
554.227882 0.0
554.233399 0.0
554.23875 0.0
554.243894 0.0
554.249174 0.0
554.254575 0.0
554.259806 0.0
554.265317 0.0
554.270739 0.0
554.275901 0.0
554.281236 0.0
554.286576 0.0
554.291864 0.0
554.297215 0.0
554.302505 0.0
554.308059 0.0
554.313326 0.0
554.3186 0.0
554.323847 0.0
554.329292 0.0
554.334422 0.0
554.339818 0.0
554.345265 0.0
554.350849 0.0
554.356963 0.0
554.363548 0.0
554.370961 0.0
554.377679 0.0
554.385668 0.0
554.39211 0.0
554.395814 0.0
554.399448 0.0
554.408273 0.0
554.417677 0.0
554.422164 0.0
554.427217 0.0
554.431567 0.0
554.436055 0.0
554.43998 0.0
554.444389 0.0
554.448437 0.0
554.452384 0.0
554.456676 0.0
554.460713 0.0
554.464849 0.0
554.469119 0.0
554.473099 0.0
554.477711 0.0
554.481664 0.0
554.485975 0.0
554.490021 0.0
554.494494 0.0
554.498817 0.0
554.502403 0.0
554.506063 0.0
554.513609 0.0
554.519243 0.0
554.523746 0.0
554.527971 0.0
554.532408 0.0
554.536667 0.0
554.541824 0.0
554.546848 0.0
554.552276 0.0
554.557261 0.0
554.5625 0.0
554.567832 0.0
554.573499 0.0
554.577417 0.0
554.581545 0.0
554.587314 0.0
554.591738 0.0
554.595376 0.0
554.598969 0.0
554.60328 0.0
554.607311 0.0
554.611255 0.0
554.6156 0.0
554.619594 0.0
554.623993 0.0
554.628159 0.0
554.632622 0.0
554.636893 0.0
554.641051 0.0
554.646495 0.0
554.653298 0.0
554.659119 0.0
554.664348 0.0
554.670184 0.0
554.675792 0.0
554.680926 0.0
554.68647 0.0
554.698412 0.0
554.704565 0.0
554.709124 0.0
554.713566 0.0
554.71727 0.0
554.721068 0.0
554.724858 0.0
554.72891 0.0
554.732878 0.0
554.737854 0.0
554.742716 0.0
554.747035 0.0
554.751839 0.0
554.756196 0.0
554.760416 0.0
554.764546 0.0
554.768592 0.0
554.773243 0.0
554.777347 0.0
554.781272 0.0
554.79046 0.0
554.794637 0.0
554.798915 0.0
554.804028 0.0
554.808231 0.0
554.812647 0.0
554.816851 0.0
554.821089 0.0
554.825774 0.0
554.830086 0.0
554.834579 0.0
554.839266 0.0
554.844737 0.0
554.849913 0.0
554.855517 0.0
554.860765 0.0
554.866107 0.0
554.871378 0.0
554.876894 0.0
554.882179 0.0
554.887729 0.0
554.891979 0.0
554.896248 0.0
554.90049 0.0
554.904523 0.0
554.908991 0.0
554.913013 0.0
554.917333 0.0
554.921905 0.0
554.926778 0.0
554.934797 0.0
554.941273 0.0
554.946144 0.0
554.951662 0.0
554.959217 0.0
554.964376 0.0
554.96966 0.0
554.974095 0.0
554.978805 0.0
554.983741 0.0
554.98974 0.0
554.996109 0.0
555.001188 0.0
555.006028 0.0
555.010734 0.0
555.015556 0.0
555.021307 0.0
555.026656 0.0
555.032258 0.0
555.037606 0.0
555.042911 0.0
555.04817 0.0
555.053668 0.0
555.059019 0.0
555.064374 0.0
555.069745 0.0
555.075 0.0
555.080334 0.0
555.085741 0.0
555.090946 0.0
555.096245 0.0
555.101525 0.0
555.106892 0.0
555.112173 0.0
555.117539 0.0
555.123136 0.0
555.128395 0.0
555.133726 0.0
555.138859 0.0
555.14443 0.0
555.149672 0.0
555.155271 0.0
555.160356 0.0
555.165888 0.0
555.171292 0.0
555.176865 0.0
555.182164 0.0
555.18743 0.0
555.192715 0.0
555.19813 0.0
555.203263 0.0
555.208647 0.0
555.214551 0.0
555.220394 0.0
555.225632 0.0
555.231518 0.0
555.237258 0.0
555.242636 0.0
555.248503 0.0
555.254455 0.0
555.275872 0.0
555.281292 0.0
555.286636 0.0
555.291238 0.0
555.295975 0.0
555.30036 0.0
555.304837 0.0
555.309655 0.0
555.313996 0.0
555.318619 0.0
555.323116 0.0
555.327568 0.0
555.331877 0.0
555.336294 0.0
555.340875 0.0
555.345241 0.0
555.35132 0.0
555.355629 0.0
555.359923 0.0
555.364156 0.0
555.369054 0.0
555.37425 0.0
555.379517 0.0
555.384753 0.0
555.390081 0.0
555.395808 0.0
555.401227 0.0
555.405863 0.0
555.410588 0.0
555.414893 0.0
555.418881 0.0
555.423461 0.0
555.427473 0.0
555.431772 -0.027400280903059293
555.436077 -0.027400280903059293
555.440398 -0.11529028090305932
555.444754 -0.11529028090305932
555.448759 -0.11529028090305932
555.453026 -0.11529028090305932
555.457316 -0.11529028090305932
555.461511 0.0
555.465841 0.0
555.469968 0.0
555.474135 0.0
555.478512 0.0
555.482872 0.22605313309469527
555.487342 0.22605313309469527
555.491384 0.22605313309469527
555.495503 0.22605313309469527
555.500042 0.22605313309469527
555.504749 0.1479331330946953
555.508978 0.1479331330946953
555.513843 0.1479331330946953
555.518039 0.1479331330946953
555.522741 0.07468313309469526
555.527174 0.07468313309469526
555.531373 0.07468313309469526
555.535727 0.06980313309469527
555.539668 0.06980313309469527
555.544252 0.06980313309469527
555.54861 0.06980313309469527
555.553006 0.06980313309469527
555.557379 0.050273133094695444
555.561389 0.050273133094695444
555.565606 0.050273133094695444
555.570227 0.050273133094695444
555.57602 0.0
555.580941 0.0
555.586793 0.0
555.59104 0.0
555.595382 0.0
555.600182 -0.04693028090305934
555.604515 -0.04693028090305934
555.609634 -0.04693028090305934
555.61397 -0.04693028090305934
555.618569 -0.14947028090305942
555.622842 -0.14947028090305942
555.627255 -0.14947028090305942
555.63176 -0.14947028090305942
555.635979 -0.14947028090305942
555.64059 -0.14947028090305942
555.644853 -0.14947028090305942
555.649399 -0.11041028090305932
555.653736 -0.11041028090305932
555.657966 -0.11041028090305932
555.662259 -0.11041028090305932
555.666254 -0.11041028090305932
555.670493 -0.007870280903059244
555.674609 -0.007870280903059244
555.678597 -0.007870280903059244
555.682811 -0.007870280903059244
555.686788 -0.007870280903059244
555.691104 0.01609313309469534
555.69526 0.01609313309469534
555.699215 0.01609313309469534
555.703589 0.01609313309469534
555.70757 0.01609313309469534
555.712091 0.0
555.716172 0.0
555.720134 0.0
555.724219 0.0
555.728218 0.0
555.732653 0.0
555.736776 0.0
555.740749 0.0
555.744781 -0.027400280903059293
555.74884 -0.027400280903059293
555.753134 -0.027400280903059293
555.757284 -0.027400280903059293
555.761281 -0.027400280903059293
555.76543 0.0
555.769547 0.0
555.773739 0.0
555.778273 0.0
555.781951 0.0
555.785803 0.0
555.78952 0.0
555.793119 0.0
555.796793 0.0
555.800803 0.0
555.804785 0.0
555.809182 0.0
555.813613 0.0
555.820317 0.0
555.825311 0.0
555.829964 0.0
555.835648 0.0
555.841317 0.0
555.846228 0.0
555.851196 0.0
555.85696 0.0
555.861884 0.0
555.867091 0.0
555.871855 0.0
555.876142 0.0
555.88044 0.0
555.885141 0.0
555.889271 0.0
555.893783 0.0
555.897989 0.0
555.902858 0.0
555.908318 0.0
555.913618 0.0
555.918848 0.0
555.924193 0.0
555.929379 0.0
555.934587 0.0
555.939823 0.0
555.945164 0.0
555.950376 0.0
555.955607 0.0
555.960855 0.0
555.966164 0.0
555.971345 0.0
555.976738 0.0
555.981863 0.0
555.98715 0.0
555.992326 0.0
555.997756 0.0
556.002987 0.0
556.008262 0.0
556.013584 0.0
556.018811 0.0
556.024156 0.0
556.02938 0.0
556.034664 0.0
556.040052 0.0
556.045545 0.0
556.050169 0.0
556.054425 0.0
556.058646 0.0
556.063083 0.0
556.067459 0.0
556.071609 0.0
556.076094 0.0
556.080225 0.0
556.085159 0.0
556.091744 0.0
556.099388 0.0
556.105398 0.0
556.110477 0.0
556.117498 0.0
556.12385 0.0
556.130491 0.0
556.136343 0.0
556.143123 0.0
556.147988 0.0
556.153953 0.0
556.159211 0.0
556.164726 0.0
556.169779 0.0
556.175181 0.0
556.180262 0.0
556.185427 0.0
556.190633 0.0
556.195832 0.0
556.200855 0.0
556.206294 0.0
556.211299 0.0
556.216655 0.0
556.22177 0.0
556.227225 0.0
556.232375 0.0
556.237745 0.0
556.242796 0.0
556.248211 0.011213133094695347
556.253316 0.011213133094695347
556.258627 0.011213133094695347
556.26387 -0.01275028090305924
556.269278 -0.01275028090305924
556.274435 0.0
556.27968 0.0
556.284868 0.0
556.290105 0.0
556.295361 0.0
556.300467 0.0
556.305884 0.01609313309469534
556.311119 0.01609313309469534
556.31657 0.0
556.321102 0.0
556.325644 0.0
556.331651 0.0
556.337138 0.0
556.341391 0.0
556.345887 0.0
556.350258 0.0
556.354527 0.0
556.359255 -0.007870280903059244
556.364262 -0.007870280903059244
556.36958 -0.007870280903059244
556.374825 -0.007870280903059244
556.380864 0.0
556.386408 0.0
556.391813 0.0
556.397556 0.0
556.403237 0.0
556.408873 0.0
556.414613 0.0
556.429051 0.0
556.435209 0.0
556.441181 0.0
556.446306 0.0
556.451838 0.011213133094695347
556.456848 0.011213133094695347
556.462297 0.011213133094695347
556.467318 0.011213133094695347
556.472971 0.0
556.478159 0.0
556.483362 0.0
556.48882 0.0
556.494161 0.0
556.499382 0.0
556.504626 0.0
556.510199 0.0
556.515612 0.0
556.521125 0.0
556.526425 0.0
556.53187 0.0
556.537201 0.0
556.542646 0.0
556.547879 0.0
556.553248 0.0
556.558379 0.0
556.563743 0.0
556.568953 0.0
556.57432 0.0
556.579765 0.0
556.585361 -0.0176402809030593
556.590197 -0.0176402809030593
556.594585 -0.0176402809030593
556.598878 -0.0176402809030593
556.603344 0.011213133094695347
556.607503 0.011213133094695347
556.611818 0.011213133094695347
556.616818 0.011213133094695347
556.622794 0.011213133094695347
556.629393 0.0
556.635658 0.0
556.641892 0.0
556.647071 0.0
556.651802 0.0
556.658451 0.0
556.66539 0.0
556.670901 0.0
556.675206 0.0
556.682234 0.0
556.688879 0.0
556.694351 0.0
556.699196 0.0
556.704011 0.0
556.717745 0.0
556.723278 0.0
556.727623 0.0
556.732605 0.0
556.736755 0.0
556.740768 0.0
556.745121 0.0
556.74946 0.0
556.753911 0.0
556.758079 0.0
556.762445 0.0
556.766737 0.0
556.770899 0.0
556.775378 -0.01275028090305924
556.779609 -0.01275028090305924
556.784555 -0.01275028090305924
556.788964 -0.01275028090305924
556.793433 0.0
556.797435 0.0
556.80147 0.0
556.805669 0.0
556.809808 0.0
556.814101 0.0
556.818173 0.0
556.82216 0.0
556.826394 0.0
556.830439 0.0
556.834649 0.0
556.838641 0.0
556.842562 0.0
556.846906 0.0
556.850967 0.0
556.857621 0.0
556.863658 0.0
556.868263 0.0
556.872206 0.0
556.876328 0.0
556.880317 0.0
556.884388 0.0
556.888592 0.0
556.892607 0.0
556.896751 0.0
556.900888 0.0
556.904898 0.0
556.90939 0.0
556.913341 0.0
556.917504 0.0
556.921613 0.0
556.926081 0.0
556.93018 0.0
556.934228 0.0
556.938527 0.0
556.942647 0.0
556.946793 0.0
556.951766 0.0
556.958991 0.0
556.963823 0.0
556.969907 0.0
556.974599 0.0
556.980498 0.0
556.985191 0.0
556.990433 0.0
556.999915 0.0
557.00816 0.0
557.012044 0.0
557.015713 0.0
557.019945 0.0
557.023786 0.0
557.027397 0.0
557.031031 0.0
557.035129 0.0
557.039235 0.0
557.043424 0.0
557.047917 0.0
557.052187 0.0
557.05721 0.0
557.061526 0.0
557.065895 0.0
557.07018 0.0
557.074755 0.0
557.079041 0.0
557.083216 0.0
557.087675 0.0
557.09204 0.0
557.096882 0.0
557.102317 0.0
557.107612 0.0
557.112978 0.0
557.118389 0.0
557.123752 0.0
557.128824 0.0
557.134149 0.0
557.139361 0.0
557.146584 0.0
557.152954 0.0
557.157641 0.0
557.16134 0.0
557.164868 0.0
557.16879 0.0
557.172434 0.0
557.175998 0.0
557.179942 0.0
557.18349 0.0
557.187119 0.0
557.191013 0.0
557.194562 0.0
557.198751 0.0
557.202805 0.0
557.206804 0.0
557.211098 0.0
557.215092 0.0
557.219151 0.0
557.223145 0.0
557.227234 0.0
557.231829 0.0
557.239409 0.0
557.246338 0.0
557.251777 0.0
557.256214 0.0
557.263982 0.0
557.269994 0.0
557.275759 0.0
557.280351 0.0
557.287048 0.0
557.292437 0.0
557.299583 0.0
557.305134 0.0
557.310357 0.0
557.315841 0.0
557.320897 0.0
557.326527 0.0
557.331856 0.0
557.337257 0.0
557.342369 0.0
557.347814 0.0
557.352915 0.0
557.358305 0.0
557.363548 0.0
557.369168 0.0
557.374373 0.0
557.379783 0.0
557.38489 0.0
557.390334 0.0
557.39538 0.0
557.401002 0.0
557.406266 0.0
557.41174 0.0
557.417144 0.0
557.423151 0.0
557.428402 0.0
557.433784 0.0
557.438924 0.0
557.444299 0.05515313309469544
557.449597 0.05515313309469544
557.454843 0.05515313309469544
557.460199 0.030743133094695396
557.465334 0.030743133094695396
557.47053 0.0
557.475801 0.0
557.481105 0.0
557.486419 0.0
557.491773 0.0
557.496973 0.0
557.502594 -0.042050280903059345
557.507869 -0.042050280903059345
557.513394 -0.03228028090305929
557.519074 -0.03228028090305929
557.525567 -0.03228028090305929
557.530753 -0.03228028090305929
557.536875 -0.08600028090305928
557.542356 -0.08600028090305928
557.547822 -0.08600028090305928
557.553524 -0.09576028090305927
557.559901 -0.09576028090305927
557.566187 -0.09576028090305927
557.571896 -0.09576028090305927
557.576468 -0.04693028090305934
557.58077 -0.04693028090305934
557.585812 -0.04693028090305934
557.589902 -0.04693028090305934
557.593977 -0.04693028090305934
557.598239 -0.022520280903059294
557.602437 -0.022520280903059294
557.606641 0.0
557.610822 0.0
557.614851 0.0
557.624385 0.0
557.628157 0.01609313309469534
557.631811 0.01609313309469534
557.63566 0.01609313309469534
557.639743 0.01609313309469534
557.64383 0.01609313309469534
557.648158 0.01609313309469534
557.652336 0.01609313309469534
557.656713 0.01609313309469534
557.660988 0.01609313309469534
557.665289 0.01609313309469534
557.669823 0.0
557.674038 0.0
557.678247 0.0
557.682252 0.0
557.686472 0.0
557.69077 0.01609313309469534
557.694791 0.01609313309469534
557.699097 0.01609313309469534
557.703167 0.01609313309469534
557.707231 0.01609313309469534
557.711568 0.0
557.715537 0.0
557.719796 0.011213133094695347
557.723809 0.011213133094695347
557.728063 0.011213133094695347
557.732271 0.011213133094695347
557.73748 0.011213133094695347
557.742052 0.011213133094695347
557.747422 0.011213133094695347
557.753648 0.011213133094695347
557.759999 0.011213133094695347
557.766143 0.0
557.772449 0.0
557.779501 0.0
557.787118 0.0
557.794292 0.0
557.799855 0.0
557.805429 0.0
557.810001 0.0
557.814756 0.0
557.819092 0.0
557.823615 0.0
557.828998 0.0
557.833587 0.0
557.838317 0.0
557.842572 0.0
557.84774 0.0
557.852509 0.0
557.859291 0.0
557.864679 0.0
557.870229 0.0
557.875389 0.0
557.880826 0.0
557.886 0.0
557.890826 0.0
557.895065 0.0
557.899181 0.0
557.903257 0.0
557.90734 0.0
557.911416 0.0
557.9155 0.0
557.919652 0.0
557.923782 0.0
557.927996 0.0
557.932336 0.0
557.936517 0.0
557.940922 0.0
557.94518 0.0
557.949685 0.0
557.954103 0.0
557.958402 0.0
557.962859 0.0
557.966958 0.0
557.971069 0.0
557.975236 0.0
557.979248 0.0
557.98346 0.0
557.987457 0.0
557.991589 0.0
557.99567 0.0
557.999649 0.0
558.003801 0.0
558.007848 0.0
558.012243 0.0
558.016723 0.0
558.021038 0.0
558.026402 0.0
558.031977 0.0
558.037297 0.0
558.042511 0.0
558.046613 0.0
558.05071 0.0
558.054985 0.0
558.059199 0.0
558.063515 0.0
558.067996 0.0
558.071912 0.0
558.076109 0.0
558.080168 0.0
558.084395 0.0
558.08852 0.0
558.092966 0.0
558.097501 0.0
558.101618 0.0
558.106006 0.0
558.110417 0.0
558.114718 0.0
558.118802 0.0
558.122988 0.0
558.127126 0.0
558.132918 0.0
558.14401 0.0
558.150244 0.0
558.157198 0.0
558.163394 0.0
558.16883 0.0
558.173132 0.0
558.177611 0.0
558.181859 0.0
558.186174 0.0
558.190506 0.0
558.194645 0.0
558.199128 0.0
558.203272 0.0
558.207543 0.0
558.211785 0.0
558.216012 0.0
558.22047 0.0
558.224629 0.0
558.229329 0.0
558.234541 0.0
558.240099 0.0
558.245264 0.0
558.25068 0.0
558.2558 0.0
558.261189 0.0
558.266265 0.0
558.271765 0.0
558.276888 0.0
558.282133 0.0
558.287385 0.0
558.292955 0.0
558.298242 0.0
558.303387 0.0
558.30862 0.0
558.314141 0.0
558.319279 0.0
558.324617 0.0
558.329888 0.0
558.335335 0.0
558.340482 0.0
558.345814 0.0
558.351106 0.0
558.356435 0.0
558.361803 0.0
558.367879 0.0
558.373425 0.0
558.377933 0.0
558.382234 0.0
558.387136 0.0
558.392067 0.0
558.396682 0.0
558.401223 0.0
558.405921 0.0
558.411022 0.0
558.416277 0.0
558.42192 0.0
558.427753 0.0
558.433627 0.0
558.438893 0.0
558.444259 0.0
558.449675 0.0
558.45505 0.0
558.459641 0.0
558.463825 0.0
558.46803 0.0
558.472131 0.0
558.476209 0.0
558.480229 0.0
558.484292 0.0
558.488864 0.0
558.493094 0.0
558.497399 0.0
558.50175 0.0
558.506153 0.0
558.510889 0.0
558.515189 0.0
558.519742 0.0
558.52425 0.0
558.528437 0.0
558.532779 0.0
558.536785 0.0
558.541014 0.0
558.545046 0.0
558.549048 0.0
558.55337 0.0
558.557309 0.0
558.561454 0.0
558.565432 0.0
558.56947 0.0
558.573667 0.0
558.577642 0.0
558.581981 0.0
558.586037 0.0
558.590151 0.0
558.594296 0.0
558.59844 0.0
558.602648 0.0
558.60663 0.0
558.610726 0.0
558.614871 0.0
558.619047 0.0
558.623193 0.0
558.627407 0.0
558.631604 0.0
558.63607 0.0
558.640228 0.0
558.644411 0.0
558.64848 0.0
558.652601 0.0
558.656917 0.0
558.660975 0.0
558.665336 0.0
558.670372 0.0
558.677625 0.0
558.682781 0.0
558.687236 0.0
558.691947 0.0
558.697025 0.0
558.701442 0.0
558.706262 0.0
558.712393 0.0
558.719764 0.0
558.725893 0.0
558.731639 0.0
558.73806 0.0
558.743402 0.0
558.754138 0.0
558.759334 0.0
558.764992 0.0
558.770254 0.0
558.775737 0.0
558.780778 0.0
558.786286 0.0
558.791518 0.0
558.796754 0.0
558.803171 0.0
558.809773 -0.022520280903059294
558.816128 -0.022520280903059294
558.821111 -0.022520280903059294
558.825466 -0.022520280903059294
558.830284 -0.0567002809030594
558.834776 -0.0567002809030594
558.840252 -0.0567002809030594
558.845396 -0.0567002809030594
558.850119 -0.0176402809030593
558.854242 -0.0176402809030593
558.858408 0.16746313309469535
558.863491 0.16746313309469535
558.867563 0.16746313309469535
558.871818 0.16746313309469535
558.875775 0.16746313309469535
558.880232 0.13328313309469525
558.884196 0.13328313309469525
558.888409 0.13328313309469525
558.892588 0.13328313309469525
558.897555 0.13328313309469525
558.902016 0.06980313309469527
558.906008 0.06980313309469527
558.910246 0.06980313309469527
558.914412 0.06980313309469527
558.918558 0.06980313309469527
558.922985 0.1918731330946954
558.926998 0.1918731330946954
558.931126 0.1918731330946954
558.935364 0.1918731330946954
558.939364 0.1918731330946954
558.943775 0.17234313309469534
558.947803 0.17234313309469534
558.952231 0.17234313309469534
558.956851 0.17234313309469534
558.962417 0.04539313309469545
558.966755 0.04539313309469545
558.970845 0.04539313309469545
558.975327 -0.07135028090305923
558.979679 -0.07135028090305923
558.98429 -0.07135028090305923
558.988658 -0.07135028090305923
558.993065 -0.19830028090305934
558.997287 -0.19830028090305934
559.001518 -0.19830028090305934
559.006512 -0.19830028090305934
559.011966 -0.19830028090305934
559.017665 -0.22760028090305923
559.022072 -0.22760028090305923
559.026904 -0.22760028090305923
559.032313 -0.22760028090305923
559.037763 -0.12018028090305938
559.043186 -0.12018028090305938
559.048462 -0.12018028090305938
559.054392 -0.12018028090305938
559.060713 -0.03717028090305935
559.064589 -0.03717028090305935
559.069054 0.0
559.073613 0.0
559.07825 0.0
559.082989 0.0
559.100216 0.0
559.104306 0.0
559.108341 0.0
559.112777 -0.03228028090305929
559.11676 -0.03228028090305929
559.120945 -0.03228028090305929
559.125019 -0.03228028090305929
559.129025 -0.03228028090305929
559.133571 -0.022520280903059294
559.137666 -0.022520280903059294
559.141842 -0.022520280903059294
559.14602 -0.022520280903059294
559.149987 -0.022520280903059294
559.154279 -0.01275028090305924
559.158317 -0.01275028090305924
559.163287 -0.01275028090305924
559.167391 -0.01275028090305924
559.171485 -0.01275028090305924
559.175987 0.0
559.180004 0.0
559.184256 0.0
559.188366 0.0
559.192367 0.0
559.196671 0.0
559.200788 0.0
559.205164 0.0
559.209419 0.0
559.213586 0.0
559.217819 0.0
559.221899 0.0
559.226264 0.0
559.230427 0.0
559.234643 0.0
559.23913 0.0
559.243559 0.0
559.248204 0.0
559.252227 0.0
559.256752 0.0
559.261043 0.0
559.265311 0.0
559.26975 0.0
559.273816 0.0
559.278394 0.0
559.283504 0.0
559.288877 0.0
559.294285 0.0
559.29893 0.011213133094695347
559.303506 0.011213133094695347
559.307799 0.011213133094695347
559.312235 0.011213133094695347
559.31655 0.011213133094695347
559.320894 0.0
559.325059 0.0
559.329155 0.0
559.333287 0.0
559.337494 0.0
559.341969 -0.0518202809030594
559.346121 -0.0518202809030594
559.350196 -0.0518202809030594
559.354375 -0.0518202809030594
559.35841 -0.0518202809030594
559.362734 0.01609313309469534
559.366893 0.01609313309469534
559.371104 0.01609313309469534
559.375269 0.01609313309469534
559.379283 0.01609313309469534
559.383524 0.0
559.387738 0.0
559.392087 -0.03228028090305929
559.396179 -0.03228028090305929
559.400162 -0.03228028090305929
559.404403 -0.03228028090305929
559.408578 -0.03228028090305929
559.412982 0.0
559.417042 0.0
559.42105 0.0
559.425756 0.0
559.42995 0.0
559.43527 0.0
559.44047 0.0
559.445092 0.0
559.449557 0.0
559.454125 0.0
559.458391 0.0
559.46283 0.0
559.466897 0.0
559.471023 0.0
559.475269 0.0
559.479494 0.0
559.48406 0.0
559.488284 0.0
559.492395 0.0
559.496952 0.0
559.500885 0.0
559.505211 0.0
559.510753 0.0
559.51481 0.0
559.518617 0.0
559.523506 0.0
559.528141 0.0
559.532482 0.0
559.536869 0.0
559.541015 0.0
559.545624 0.0
559.551373 0.0
559.556747 0.0
559.561828 0.0
559.565976 0.0
559.571188 0.0
559.5762 0.0
559.583467 0.0
559.58901 0.0
559.593395 0.0
559.597916 0.0
559.60226 0.0
559.60624 0.0
559.610554 0.0
559.614622 0.0
559.618782 0.0
559.623121 0.0
559.627076 0.0
559.63812 0.0
559.642549 0.0
559.646559 0.0
559.650736 0.0
559.654876 0.0
559.659283 0.0
559.665654 0.0
559.669667 0.0
559.673905 0.0
559.677957 0.0
559.682168 0.0
559.686309 0.0
559.690319 0.0
559.694519 0.0
559.698545 0.0
559.702608 0.0
559.706741 0.0
559.710686 0.0
559.71529 0.0
559.719289 0.0
559.723561 0.0
559.727857 0.0
559.731997 0.0
559.736279 0.0
559.740239 0.0
559.744269 0.0
559.748464 0.0
559.752513 0.0
559.756813 -0.03717028090305935
559.760794 -0.03717028090305935
559.764868 -0.03717028090305935
559.769104 -0.03717028090305935
559.773166 -0.03717028090305935
559.777792 0.020973133094695336
559.782003 0.020973133094695336
559.786314 0.020973133094695336
559.790667 0.020973133094695336
559.794861 0.020973133094695336
559.799801 0.0
559.803888 0.0
559.808228 -0.007870280903059244
559.812468 -0.007870280903059244
559.817035 -0.007870280903059244
559.821391 -0.007870280903059244
559.825599 -0.007870280903059244
559.830186 0.0
559.834908 0.0
559.839385 0.0
559.844057 0.0
559.848488 0.0
559.852639 0.0
559.857444 0.0
559.864821 0.0
559.873083 0.0
559.877772 0.0
559.882072 0.0
559.8863 0.0
559.890632 0.0
559.894643 0.0
559.899237 0.0
559.903368 0.0
559.907761 0.0
559.911967 0.0
559.915997 0.0
559.920443 0.0
559.924469 0.0
559.928779 0.0
559.933108 -0.007870280903059244
559.937099 -0.007870280903059244
559.941756 -0.007870280903059244
559.945908 -0.007870280903059244
559.950317 0.0
559.954621 0.0
559.958817 0.0
559.963632 0.0
559.967812 0.0
559.972604 0.0
559.976804 0.0
559.981242 0.0
559.987647 0.0
559.993866 0.0
559.999627 0.0
560.006143 -0.007870280903059244
560.01192 -0.007870280903059244
560.018182 -0.007870280903059244
560.024799 0.0
560.030458 0.0
560.036773 0.0
560.042798 0.0
560.049327 0.0
560.055774 0.0
560.062159 0.0
560.066668 0.0
560.07064 0.0
560.075229 0.0
560.079413 0.0
560.08339 0.0
560.087793 0.0
560.091917 0.0
560.096284 0.0
560.100521 0.0
560.104519 0.0
560.109105 0.0
560.113129 0.0
560.117374 0.0
560.121603 0.0
560.125971 0.0
560.130732 0.0
560.13514 0.0
560.139585 0.0
560.143671 0.0
560.14817 0.0
560.15274 0.0
560.156821 0.0
560.161381 0.0
560.16549 0.0
560.169669 0.0
560.176068 0.0
560.191268 0.0
560.19537 0.0
560.200119 0.0
560.204173 0.0
560.208504 0.0
560.212636 0.0
560.216674 0.0
560.220896 0.0
560.224986 0.0
560.229304 0.0
560.233605 0.0
560.237537 0.0
560.24188 0.0
560.246058 0.0
560.25021 0.0
560.254569 0.0
560.258628 0.0
560.263125 0.0
560.267188 0.0
560.271305 0.0
560.27544 0.0
560.279519 0.0
560.284025 0.0
560.288106 0.0
560.292171 0.0
560.296365 0.0
560.30175 0.0
560.305971 0.0
560.309912 0.0
560.314192 0.0
560.318365 0.0
560.322813 0.0
560.3269 0.0
560.33091 0.0
560.335064 0.0
560.339283 0.0
560.343614 0.0
560.347838 0.0
560.352363 0.0
560.356679 0.0
560.360793 0.0
560.364953 0.0
560.369157 0.0
560.373106 0.0
560.377236 0.0
560.381422 0.0
560.385821 0.0
560.389894 0.0
560.393991 0.0
560.398356 0.0
560.402529 0.0
560.406784 0.0
560.410997 0.0
560.415576 0.0
560.420254 0.0
560.424354 0.0
560.428492 0.0
560.433528 0.0
560.438094 0.0
560.442667 0.0
560.449125 0.0
560.454194 0.0
560.459987 0.0
560.465882 0.0
560.471578 0.0
560.476169 0.0
560.481064 0.0
560.485656 0.0
560.490161 0.0
560.494751 0.0
560.499064 0.0
560.503503 0.0
560.509609 0.0
560.515039 0.0
560.519924 0.0
560.526362 0.0
560.53263 0.0
560.538847 0.0
560.545151 0.0
560.550173 0.0
560.55497 0.0
560.559244 0.0
560.563512 0.0
560.5678 0.0
560.572033 0.0
560.576552 -0.007870280903059244
560.580746 -0.007870280903059244
560.584984 -0.01275028090305924
560.589075 -0.01275028090305924
560.593026 -0.01275028090305924
560.59726 -0.01275028090305924
560.601797 -0.01275028090305924
560.606221 0.0
560.610213 0.0
560.614591 0.0
560.618559 0.0
560.622686 0.0
560.626975 0.01609313309469534
560.631025 0.01609313309469534
560.635128 0.01609313309469534
560.639154 0.01609313309469534
560.643086 0.01609313309469534
560.647538 0.04050313309469539
560.65157 0.04050313309469539
560.655761 0.04050313309469539
560.659759 0.04050313309469539
560.663893 0.04050313309469539
560.668225 0.0
560.672292 0.0
560.676737 0.0
560.681006 0.0
560.685284 0.0
560.689671 0.0
560.69399 0.0
560.69836 0.0
560.702651 0.0
560.707092 0.0
560.711856 0.0
560.716977 0.0
560.722608 -0.03228028090305929
560.72683 -0.03228028090305929
560.731204 -0.03228028090305929
560.735337 -0.03228028090305929
560.741897 -0.07135028090305923
560.7465 -0.07135028090305923
560.751433 -0.07135028090305923
560.755829 -0.07135028090305923
560.760278 -0.07135028090305923
560.766004 -0.07135028090305923
560.771361 -0.09576028090305927
560.777345 -0.0518202809030594
560.781617 -0.0518202809030594
560.786125 -0.0518202809030594
560.791515 -0.0518202809030594
560.796908 -0.0518202809030594
560.803534 0.0
560.808131 0.0
560.812534 0.0
560.817012 0.0
560.821683 0.01609313309469534
560.826177 0.01609313309469534
560.830835 0.01609313309469534
560.834984 0.01609313309469534
560.839396 0.020973133094695336
560.843405 0.020973133094695336
560.847769 0.020973133094695336
560.852324 0.0
560.856593 0.0
560.861212 0.0
560.86548 0.0
560.870274 0.0
560.874515 0.0
560.878842 0.0
560.882873 0.0
560.886968 0.0
560.891326 0.0
560.895405 0.0
560.899479 0.0
560.903595 0.0
560.907656 0.0
560.911985 0.0
560.916011 0.0
560.920256 0.0
560.924485 0.0
560.928567 0.0
560.932861 0.0
560.936885 0.0
560.941046 0.0
560.945272 0.0
560.949511 0.0
560.95407 0.0
560.958215 0.0
560.962256 0.0
560.96666 0.0
560.970723 0.0
560.975138 0.0
560.97912 0.0
560.983261 0.0
560.987571 0.0
560.991531 0.0
560.995869 0.0
561.000006 0.0
561.00532 0.0
561.009492 0.0
561.013538 0.0
561.018441 0.0
561.023264 0.0
561.029372 0.0
561.034483 0.0
561.040997 0.0
561.047518 0.0
561.053389 0.0
561.057442 0.0
561.062284 0.0
561.066306 0.0
561.070649 0.0
561.074716 0.0
561.078737 0.0
561.08299 0.0
561.086988 0.0
561.091301 0.0
561.095387 0.0
561.100422 0.0
561.104404 0.0
561.108423 0.0
561.112835 0.0
561.11699 0.0
561.121213 0.0
561.125398 0.0
561.129422 0.0
561.133777 0.0
561.137887 0.0
561.142269 0.0
561.146422 0.0
561.150392 0.0
561.1549 0.0
561.159048 0.0
561.163322 0.0
561.167426 0.0
561.171396 0.0
561.175787 0.0
561.180242 0.0
561.185004 0.0
561.18854 0.0
561.192156 0.0
561.196181 0.0
561.199802 0.0
561.206625 0.0
561.212677 0.0
561.217041 0.0
561.220586 0.0
561.224462 0.0
561.228669 0.0
561.234267 0.0
561.239528 0.0
561.244841 0.0
561.250272 0.0
561.256144 0.0
561.266832 0.0
561.271266 0.0
561.276581 0.0
561.281883 0.0
561.287999 0.0
561.293627 0.0
561.301892 0.0
561.311817 0.0
561.319028 0.0
561.324307 0.0
561.330633 0.0
561.336663 0.0
561.34328 0.0
561.348494 0.0
561.354392 0.0
561.359765 0.0
561.365184 0.0
561.370348 0.0
561.375809 0.0
561.381107 0.0
561.386532 0.0
561.391907 0.0
561.397254 0.0
561.402485 0.0
561.407788 0.0
561.413169 0.0
561.418453 0.0
561.423985 0.0
561.429328 0.0
561.434726 0.0
561.440076 0.0
561.445747 0.0
561.45116 0.0
561.457626 0.0
561.464635 0.0
561.470129 0.0
561.474097 0.0
561.478297 0.0
561.482572 0.0
561.486759 0.0
561.490831 0.0
561.495472 0.0
561.499542 0.0
561.503685 0.0
561.508642 0.0
561.513792 0.0
561.517752 0.0
561.521313 0.0
561.525421 0.0
561.529137 0.0
561.533217 0.0
561.537155 0.0
561.540812 0.0
561.544597 0.0
561.54868 0.0
561.552401 0.0
561.556281 0.0
561.560131 0.0
561.56408 0.0
561.572754 0.0
561.577753 0.0
561.583579 0.0
561.588884 0.0
561.59425 0.0
561.599221 0.0
561.603793 0.0
561.612406 0.0
561.622829 0.0
561.626635 0.0
561.630381 0.0
561.63478 0.0
561.638433 0.0
561.642326 0.0
561.646499 0.0
561.650607 0.0
561.654985 0.0
561.658999 0.0
561.663116 0.0
561.667251 0.0
561.671504 0.0
561.675627 0.0
561.679646 0.0
561.683747 0.0
561.687772 0.0
561.691947 0.0
561.696051 0.0
561.700102 0.0
561.704043 0.0
561.70829 0.0
561.712263 0.0
561.716942 0.0
561.721086 0.0
561.725389 0.0
561.729572 0.0
561.733632 0.0
561.737815 0.0
561.742032 0.0
561.74617 0.0
561.750984 0.0
561.755433 0.0
561.760096 0.0
561.764401 0.0
561.769084 0.0
561.77317 0.0
561.777222 0.0
561.781405 0.0
561.785401 0.0
561.789636 0.0
561.793755 0.0
561.797819 0.0
561.801952 0.0
561.80811 0.0
561.813279 0.0
561.818865 0.0
561.823322 0.0
561.827899 0.0
561.832745 0.0
561.837709 0.0
561.843109 0.0
561.848469 0.0
561.854893 0.0
561.864235 0.0
561.873019 0.0
561.881325 0.0
561.889808 0.0
561.896401 0.0
561.901085 0.0
561.905855 0.0
561.909826 0.0
561.914192 0.0
561.919408 0.0
561.928149 0.0
561.934637 0.0
561.93865 0.0
561.94283 0.0
561.947111 0.0
561.951197 0.0
561.955502 0.0
561.959549 0.0
561.963657 0.0
561.967972 0.0
561.972166 0.0
561.97683 0.0
561.980917 0.0
561.985038 0.0
561.989172 0.0
561.993193 0.0
561.997407 0.0
562.001435 0.0
562.005551 0.0
562.009886 0.0
562.014164 0.0
562.019023 0.0
562.023387 0.0
562.027887 0.0
562.032582 0.0
562.038081 0.0
562.043282 0.0
562.048586 0.0
562.053623 0.0
562.058058 0.0
562.062671 0.0
562.066762 0.0
562.071258 0.0
562.075308 0.0
562.079559 0.0
562.083742 0.0
562.087662 0.0
562.092045 0.0
562.096104 0.0
562.100154 0.0
562.104306 0.0
562.108276 0.0
562.113317 0.0
562.117299 0.0
562.121589 0.0
562.12576 0.0
562.129802 0.0
562.134163 0.0
562.138146 0.0
562.142385 0.0
562.146501 0.0
562.150529 0.0
562.154775 0.0
562.158815 0.0
562.163275 0.0
562.168486 0.0
562.173632 0.0
562.178115 0.0
562.182527 0.0
562.187519 0.0
562.192008 0.0
562.197277 0.0
562.202184 0.0
562.207175 -0.022520280903059294
562.212373 -0.022520280903059294
562.218036 -0.022520280903059294
562.223515 -0.022520280903059294
562.228803 0.0
562.234824 0.0
562.240258 0.0
562.24554 0.0
562.250758 0.025863133094695397
562.256152 0.025863133094695397
562.261732 0.030743133094695396
562.267119 0.030743133094695396
562.272317 0.030743133094695396
562.277959 0.03562313309469539
562.283413 0.03562313309469539
562.288818 0.03562313309469539
562.294172 0.03562313309469539
562.299755 0.04050313309469539
562.304135 0.04050313309469539
562.308268 0.04050313309469539
562.312616 0.04050313309469539
562.316983 0.04050313309469539
562.321373 0.07468313309469526
562.325477 0.07468313309469526
562.329602 0.07468313309469526
562.333575 0.07468313309469526
562.337645 0.07468313309469526
562.342059 0.10886313309469536
562.346016 0.10886313309469536
562.350098 0.10886313309469536
562.354246 0.09910313309469537
562.358264 0.09910313309469537
562.362443 0.09910313309469537
562.366835 0.09910313309469537
562.370898 0.09910313309469537
562.375128 0.020973133094695336
562.379191 0.020973133094695336
562.383349 0.020973133094695336
562.387351 0.020973133094695336
562.391451 0.020973133094695336
562.395896 -0.042050280903059345
562.399979 -0.042050280903059345
562.404124 -0.042050280903059345
562.408263 -0.042050280903059345
562.41851 -0.10064028090305926
562.422614 -0.10064028090305926
562.426769 -0.10064028090305926
562.431488 -0.09576028090305927
562.435932 -0.09576028090305927
562.440346 -0.09576028090305927
562.444804 -0.09576028090305927
562.449435 -0.12018028090305938
562.453886 -0.12018028090305938
562.45864 -0.12018028090305938
562.464085 -0.12018028090305938
562.469055 -0.12018028090305938
562.474205 -0.11529028090305932
562.478787 -0.11529028090305932
562.483282 -0.11529028090305932
562.487853 -0.11529028090305932
562.49241 -0.01275028090305924
562.497665 -0.01275028090305924
562.502245 -0.01275028090305924
562.507282 -0.01275028090305924
562.515496 0.0
562.520775 0.0
562.527195 0.0
562.53237 0.0
562.538341 0.0
562.543113 0.0
562.547539 0.0
562.552289 0.0
562.556567 0.0
562.561989 0.0
562.568297 0.0
562.573936 0.0
562.579285 0.0
562.584019 0.0
562.588685 -0.022520280903059294
562.593016 -0.022520280903059294
562.597341 -0.022520280903059294
562.601635 -0.022520280903059294
562.605914 -0.022520280903059294
562.610868 0.0
562.615236 0.0
562.619636 0.0
562.62419 0.0
562.628149 0.0
562.632268 0.0
562.636241 0.0
562.640533 0.0
562.644552 0.0
562.648615 0.0
562.652774 0.0
562.656847 0.0
562.660879 0.0
562.664889 0.0
562.668805 0.0
562.672901 0.0
562.676967 0.0
562.681128 -0.007870280903059244
562.685151 -0.007870280903059244
562.6891 -0.007870280903059244
562.69319 -0.007870280903059244
562.697147 -0.007870280903059244
562.701425 0.0
562.705392 0.0
562.709466 0.0
562.713599 0.0
562.718672 0.0
562.722814 0.0
562.726839 0.0
562.730868 0.0
562.735186 -0.007870280903059244
562.73915 -0.007870280903059244
562.743393 -0.007870280903059244
562.747361 -0.007870280903059244
562.751482 -0.007870280903059244
562.756052 0.0
562.760464 0.0
562.764495 0.0
562.768447 0.0
562.773061 0.0
562.77739 0.0
562.781545 0.0
562.78557 0.0
562.789653 0.0
562.793948 0.0
562.802428 0.0
562.812365 0.0
562.818323 0.0
562.823856 0.0
562.829663 0.0
562.834999 0.0
562.840684 0.0
562.846974 0.0
562.851245 0.0
562.855385 0.0
562.859799 0.0
562.863775 0.0
562.868218 0.011213133094695347
562.87218 0.011213133094695347
562.876178 0.011213133094695347
562.88045 0.011213133094695347
562.884518 0.011213133094695347
562.888906 -0.0176402809030593
562.892947 -0.0176402809030593
562.896976 -0.0176402809030593
562.913894 -0.007870280903059244
562.917889 -0.007870280903059244
562.922281 0.025863133094695397
562.926266 0.025863133094695397
562.930254 0.025863133094695397
562.934651 0.025863133094695397
562.938604 0.025863133094695397
562.943002 0.0
562.946944 0.0
562.950894 0.0
562.955125 0.0
562.959059 0.0
562.963335 -0.0176402809030593
562.96772 -0.0176402809030593
562.971652 -0.0176402809030593
562.976214 -0.0176402809030593
562.980168 -0.0176402809030593
562.984248 0.0
562.988391 0.0
562.992308 0.0
562.996634 0.0
563.000611 0.0
563.004753 0.0
563.008869 0.0
563.012857 0.0
563.017062 0.0
563.021061 0.0
563.02521 0.0
563.029289 0.0
563.03323 0.0
563.037389 0.0
563.041493 0.0
563.045566 0.0
563.049912 0.0
563.054204 0.0
563.058761 0.0
563.063187 0.0
563.067366 0.0
563.071454 0.0
563.075811 0.0
563.080369 0.0
563.084648 0.0
563.088841 0.0
563.092988 0.0
563.09702 0.0
563.101147 0.0
563.106178 0.0
563.111244 0.0
563.117738 -0.007870280903059244
563.122906 -0.007870280903059244
563.128561 0.0
563.133764 0.0
563.139106 0.0
563.144266 0.0
563.149761 0.0
563.154877 0.0
563.160359 0.0
563.165429 0.0
563.171019 0.0
563.176288 0.0
563.181722 0.0
563.186944 0.0
563.192553 0.0
563.197862 0.0
563.203201 0.0
563.208362 0.0
563.21375 0.0
563.218861 0.0
563.224142 0.0
563.229367 0.0
563.234854 0.0
563.240111 0.0
563.245363 0.0
563.250491 0.0
563.255779 0.0
563.260891 0.0
563.26631 0.0
563.271594 0.0
563.276746 0.0
563.281851 0.0
563.287235 0.0
563.292325 0.0
563.297728 0.0
563.30291 0.0
563.308307 0.0
563.313344 0.0
563.318755 0.0
563.323787 0.0
563.329337 0.0
563.334423 0.0
563.339211 0.0
563.344007 0.0
563.349144 0.0
563.353179 0.0
563.358025 0.0
563.362127 0.0
563.366217 0.0
563.370611 0.0
563.374576 0.0
563.379506 0.0
563.387495 0.0
563.395284 0.0
563.399364 0.0
563.403603 0.0
563.407766 0.0
563.412187 0.0
563.416506 0.0
563.420766 0.0
563.425185 0.0
563.429513 0.0
563.433885 0.0
563.438231 0.0
563.442655 0.0
563.446866 0.0
563.450853 0.0
563.45527 0.0
563.459584 0.0
