412.900378 0.0
412.904464 0.0
412.908587 0.0
412.913206 0.0
412.917384 0.0
412.921527 0.0
412.925573 0.0
412.929672 0.0
412.93408 0.0
412.939681 0.0
412.945385 0.0
412.950462 0.0
412.954929 0.0
412.959421 0.0
412.963796 0.0
412.968102 0.0
412.972515 0.0
412.977902 0.0
412.983153 0.0
412.988557 0.0
412.993738 0.0
412.998903 0.0
413.004279 0.0
413.009444 0.0
413.014029 0.0
413.0184 0.0
413.022667 0.0
413.02733 0.0
413.031534 0.0
413.036435 0.0
413.041775 0.0
413.047083 0.0
413.052238 0.0
413.057521 0.0
413.062499 0.0
413.066672 0.0
413.072063 0.0
413.07801 0.0
413.084365 0.0
413.091596 0.0
413.097165 0.0
413.10268 0.0
413.107831 0.0
413.113285 0.0
413.119113 0.0
413.125245 0.0
413.130873 0.0
413.1363 0.0
413.142811 0.0
413.148254 0.0
413.153753 0.0
413.158895 0.0
413.165218 0.0
413.171237 0.0
413.177399 0.0
413.182865 0.0
413.18833 0.0
413.193752 0.0
413.199036 0.0
413.204372 0.0
413.209735 0.0
413.2149 0.0
413.220228 0.0
413.225848 0.0
413.230893 0.0
413.236378 0.0
413.241514 0.0
413.247181 0.0
413.252245 0.0
413.257756 0.0
413.262779 0.0
413.26802 0.0
413.273255 0.0
413.279735 0.0
413.283743 0.0
413.287763 0.0
413.291912 0.0
413.296059 0.0
413.300097 0.0
413.304152 0.0
413.308515 0.0
413.312558 0.0
413.316991 0.0
413.321016 0.0
413.325228 0.0
413.33077 0.0
413.335999 0.0
413.340434 0.0
413.345322 0.0
413.350401 0.0
413.354836 0.0
413.359492 0.0
413.364226 0.0
413.36888 0.0
413.373236 0.0
413.377636 0.0
413.382154 0.0
413.387198 0.0
413.392193 0.0
413.397993 0.0
413.403294 0.0
413.409005 0.0
413.41424 0.0
413.41974 0.0
413.424767 0.0
413.430521 0.0
413.435749 0.0
413.44098 0.0
413.444956 0.0
413.449189 0.0
413.453394 0.0
413.457517 0.0
413.462139 0.0
413.466147 0.0
413.470326 0.0
413.47434 0.0
413.478395 0.0
413.482606 0.0
413.486803 0.0
413.490908 0.0
413.495107 0.0
413.499079 0.0
413.503404 0.0
413.50752 0.0
413.511744 0.0
413.516044 0.0
413.520035 0.0
413.52445 0.025863133094695397
413.528464 0.025863133094695397
413.532539 0.025863133094695397
413.536864 0.07468313309469526
413.540863 0.07468313309469526
413.545212 0.07468313309469526
413.54917 0.07468313309469526
413.553432 0.07468313309469526
413.55757 0.0
413.561579 0.0
413.566022 0.0
413.570402 0.0
413.575735 0.0
413.58058 0.0
413.585596 0.0
413.589908 0.0
413.594584 0.0
413.59967 -0.07135028090305923
413.604184 -0.07135028090305923
413.608675 -0.07135028090305923
413.613035 -0.07135028090305923
413.617769 -0.11041028090305932
413.622289 -0.11041028090305932
413.627447 -0.11041028090305932
413.632641 -0.11041028090305932
413.638121 -0.06158028090305939
413.644022 -0.06158028090305939
413.649822 0.0
413.655027 0.0
413.660568 0.0
413.666178 0.0
413.671712 0.0
413.676763 0.0
413.682074 0.0
413.687261 0.0
413.692747 0.0
413.69776 0.0
413.703113 0.0
413.708245 0.0
413.713759 0.0
413.718761 0.0
413.724074 0.0
413.729327 0.0
413.734742 0.0
413.739858 0.0
413.745268 0.0
413.750544 0.0
413.75584 0.0
413.760405 0.0
413.764925 0.0
413.770249 0.0
413.775773 0.011213133094695347
413.78084 0.011213133094695347
413.785366 0.01609313309469534
413.789494 0.01609313309469534
413.793758 0.01609313309469534
413.797812 0.01609313309469534
413.801836 0.01609313309469534
413.806043 0.0
413.810059 0.0
413.814278 0.0
413.818769 0.0
413.82326 0.0
413.827451 0.0
413.831559 0.0
413.836012 0.0
413.8402 0.0
413.844502 0.0
413.848545 0.0
413.852583 0.0
413.856791 0.0
413.861394 0.0
413.867102 0.0
413.87284 0.0
413.876822 0.0
413.880398 0.0
413.884825 0.0
413.888854 0.0
413.892826 0.0
413.897127 0.0
413.901146 0.0
413.905341 0.0
413.909417 0.0
413.913451 0.0
413.923023 -0.007870280903059244
413.927467 -0.007870280903059244
413.931499 -0.007870280903059244
413.93548 -0.007870280903059244
413.939848 0.0
413.943814 0.0
413.948173 0.0
413.952242 0.0
413.956186 0.0
413.960571 0.0
413.964509 0.0
413.968647 0.0
413.972627 0.0
413.976624 0.0
413.981142 0.0
413.985163 0.0
413.98925 0.0
413.993401 0.0
413.997347 0.0
414.001796 0.0
414.005745 0.0
414.00989 0.0
414.014043 0.0
414.018151 0.0
414.02238 0.0
414.026373 0.0
414.030514 0.0
414.034637 0.0
414.038671 0.0
414.042898 0.0
414.047194 0.0
414.051629 0.0
414.056636 0.0
414.061131 0.0
414.065723 0.0
414.070404 0.0
414.075739 0.0
414.080214 0.0
414.085045 0.0
414.089349 0.0
414.094014 0.0
414.098414 0.0
414.103272 0.0
414.108139 0.0
414.112748 0.0
414.119243 0.0
414.123826 0.0
414.127972 0.0
414.131888 0.0
414.135973 0.0
414.139907 0.0
414.143963 0.0
414.148115 0.0
414.152246 0.0
414.156592 0.0
414.160777 0.0
414.164805 0.0
414.16911 0.0
414.173081 0.0
414.177286 0.0
414.181363 0.0
414.185433 0.0
414.189781 0.0
414.193855 0.0
414.197995 0.0
414.202141 0.0
414.207005 0.0
414.212843 0.0
414.216965 0.0
414.221196 0.0
414.225173 0.0
414.229131 0.0
414.233282 0.0
414.237252 0.0
414.241594 0.0
414.245593 0.0
414.249669 0.0
414.253894 0.0
414.257978 0.0
414.262203 0.0
414.266284 0.0
414.270273 0.0
414.274522 0.0
414.278527 0.0
414.282722 0.0
414.286784 0.0
414.290845 0.0
414.297626 0.0
414.319569 0.0
414.324916 0.0
414.330446 0.0
414.336097 0.0
414.343489 0.0
414.350523 0.0
414.356262 0.0
414.362053 0.0
414.367303 0.0
414.372318 0.0
414.377066 0.0
414.381286 0.0
414.386072 0.0
414.391028 0.0
414.396611 0.0
414.401756 0.0
414.407252 0.0
414.412296 0.0
414.418497 0.0
414.422846 0.0
414.427404 0.0
414.431451 0.0
414.43549 0.0
414.439814 0.0
414.443774 0.0
414.447773 0.0
414.452365 0.0
414.456314 0.0
414.460473 0.0
414.464439 0.0
414.46847 0.0
414.47328 0.0
414.47737 0.0
414.481573 0.0
414.485554 0.0
414.490073 0.0
414.494947 0.0
414.499364 0.0
414.505585 0.0
414.512795 0.0
414.518511 0.0
414.524784 0.0
414.531409 0.0
414.536315 0.0
414.542483 0.0
414.549878 0.0
414.555321 0.0
414.560368 0.0
414.565405 0.0
414.570915 0.0
414.575925 0.0
414.580913 0.0
414.586313 0.0
414.591333 0.0
414.595826 0.0
414.600264 0.0
414.604742 0.0
414.609163 0.0
414.613638 0.0
414.618177 0.0
414.622316 0.0
414.626614 0.0
414.63061 0.0
414.634795 0.0
414.638983 0.0
414.64303 0.0
414.64733 0.0
414.651417 0.0
414.65578 0.0
414.660031 0.0
414.663965 0.0
414.668184 0.0
414.672292 0.0
414.67646 0.0
414.680713 0.0
414.68464 0.0
414.688909 0.0
414.693007 0.0
414.697182 0.0
414.701385 0.0
414.705342 0.0
414.709514 0.0
414.713594 0.0
414.71773 0.0
414.722143 0.0
414.726171 0.0
414.732028 0.0
414.735638 0.0
414.739428 0.0
414.743152 0.0
414.746763 0.0
414.75075 0.0
414.754447 0.0
414.763113 0.0
414.768234 0.0
414.774316 0.0
414.779365 0.0
414.785393 0.0
414.790026 0.0
414.795148 0.0
414.800017 0.0
414.809182 0.0
414.819095 0.0
414.823262 0.0
414.828542 0.0
414.832197 0.0
414.835973 0.0
414.839763 0.0
414.84334 0.0
414.847377 0.0
414.850989 0.0
414.854497 0.0
414.858393 0.0
414.861907 0.0
414.865499 0.0
414.869484 0.0
414.873075 0.0
414.877397 0.0
414.881273 0.0
414.885677 0.0
414.890276 0.0
414.894622 0.0
414.899212 0.0
414.904228 0.0
414.909418 0.0
414.914789 0.0
414.919877 0.0
414.925277 0.0
414.930618 0.0
414.935863 0.0
414.94115 0.0
414.946581 0.0
414.951972 0.0
414.957385 0.0
414.962792 0.0
414.968025 0.0
414.97329 0.0
414.97857 0.0
414.984421 0.0
414.990454 0.0
414.996258 0.0
415.001915 0.0
415.007936 0.0
415.013745 0.0
415.01925 0.0
415.023844 -0.04693028090305934
415.028441 -0.04693028090305934
415.037347 -0.04693028090305934
415.046447 -0.007870280903059244
415.050053 -0.007870280903059244
415.055098 0.1625731330946953
415.060781 0.1625731330946953
415.066364 0.1625731330946953
415.071809 0.1625731330946953
415.077647 0.1479331330946953
415.083001 0.1479331330946953
415.088761 0.1479331330946953
415.093862 0.1479331330946953
415.099255 0.10886313309469536
415.104266 0.10886313309469536
415.108862 0.10886313309469536
415.113144 0.10886313309469536
415.118608 0.08445313309469532
415.127083 0.08445313309469532
415.13264 0.08445313309469532
415.136783 0.08445313309469532
415.141262 0.06004313309469528
415.145221 0.06004313309469528
415.149453 -0.01275028090305924
415.153467 -0.01275028090305924
415.157494 -0.01275028090305924
415.161745 -0.01275028090305924
415.165676 -0.01275028090305924
415.170116 -0.12018028090305938
415.174094 -0.12018028090305938
415.178149 -0.12018028090305938
415.182424 -0.12018028090305938
415.186404 -0.12018028090305938
415.190745 -0.16412028090305925
415.194743 -0.16412028090305925
415.198681 -0.16412028090305925
415.203016 -0.16412028090305925
415.206992 -0.16412028090305925
415.211535 -0.13482028090305936
415.2156 -0.13482028090305936
415.21992 -0.13482028090305936
415.224645 -0.13482028090305936
415.228628 -0.13482028090305936
415.233362 -0.06158028090305939
415.237521 -0.06158028090305939
415.241632 -0.06158028090305939
415.246434 -0.01275028090305924
415.250724 -0.01275028090305924
415.255569 -0.01275028090305924
415.260258 -0.01275028090305924
415.268474 0.0
415.279536 0.0
415.289159 0.0
415.297592 0.0
415.303922 0.0
415.3093 0.0
415.313397 0.0
415.317641 0.0
415.321743 0.0
415.325877 0.0
415.330281 0.0
415.334441 0.0
415.339049 0.0
415.343314 0.0
415.347739 0.0
415.352157 0.0
415.356573 0.0
415.362955 0.0
415.368979 0.0
415.373672 0.0
415.37865 0.0
415.384047 0.0
415.389234 0.0
415.394569 0.0
415.399822 0.0
415.405257 0.0
415.410285 0.0
415.415685 0.0
415.420774 0.0
415.426251 0.0
415.431273 0.0
415.436769 0.0
415.442837 0.0
415.449149 0.0
415.455079 0.0
415.460901 0.0
415.467457 0.0
415.473051 0.0
415.47885 0.01609313309469534
415.483896 0.01609313309469534
415.492604 0.01609313309469534
415.502598 0.0
415.509274 0.0
415.520559 0.0
415.524665 0.0
415.528657 0.0
415.533017 0.0
415.537151 0.0
415.541302 0.0
415.545482 0.0
415.549534 0.0
415.553797 0.0
415.557869 0.0
415.561916 0.0
415.566143 0.0
415.570088 0.0
415.574674 -0.007870280903059244
415.578995 -0.007870280903059244
415.583316 -0.007870280903059244
415.587577 -0.007870280903059244
415.591838 -0.007870280903059244
415.596212 0.0
415.600592 0.0
415.604949 0.0
415.609313 0.0
415.613763 0.0
415.618107 0.0
415.622253 0.0
415.626899 0.0
415.631192 0.0
415.635647 0.0
415.639983 0.0
415.644399 0.01609313309469534
415.648601 0.01609313309469534
415.653585 0.01609313309469534
415.65888 0.01609313309469534
415.664248 0.01609313309469534
415.67001 0.0
415.676369 0.0
415.680907 0.0
415.685727 0.0
415.690161 -0.0176402809030593
415.694379 -0.0176402809030593
415.698603 -0.0176402809030593
415.702741 -0.0176402809030593
415.70714 0.0
415.711428 0.0
415.715943 0.0
415.724518 0.0
415.729962 0.0
415.734422 0.0
415.739317 0.0
415.743603 0.0
415.748034 0.0
415.752682 0.0
415.757115 0.0
415.762421 0.0
415.767927 0.0
415.77412 0.0
415.778461 0.0
415.783268 0.0
415.787511 0.0
415.791805 0.0
415.796075 0.0
415.800832 0.0
415.804988 0.0
415.809247 0.0
415.813671 0.0
415.81789 0.0
415.82204 0.0
415.826059 0.0
415.830068 0.0
415.834369 0.0
415.838314 0.0
415.842566 0.0
415.846532 0.0
415.850581 0.0
415.854835 0.0
415.858873 0.0
415.863039 0.0
415.866995 0.0
415.871055 0.0
415.875418 0.0
415.879623 0.0
415.884206 0.0
415.888771 0.0
415.893225 0.0
415.897392 0.0
415.901546 0.0
415.905846 0.0
415.909857 0.0
415.91451 0.0
415.919903 0.0
415.929137 0.0
415.935036 0.0
415.939328 0.0
415.946589 0.0
415.952771 0.0
415.958345 0.0
415.963073 0.0
415.967727 0.0
415.972417 0.0
415.980959 0.0
415.988765 0.0
415.992332 0.0
415.995887 0.0
416.000607 0.0
416.004385 0.0
416.008869 0.0
416.013113 0.0
416.017408 0.0
416.021725 0.0
416.026 0.0
416.030449 0.0
416.034707 0.0
416.03951 0.0
416.043612 0.0
416.047552 0.0
416.051731 0.0
416.055741 0.0
416.059974 0.0
416.063948 0.0
416.067968 0.0
416.072056 0.0
416.076078 0.0
416.080122 0.0
416.084157 0.0
416.08816 0.0
416.092272 0.0
416.096302 0.0
416.100233 0.0
416.10445 0.0
416.108384 0.0
416.112491 0.0
416.116482 0.0
416.120526 0.0
416.124634 0.0
416.128758 0.0
416.132861 0.0
416.137368 0.0
416.14168 0.0
416.147275 0.0
416.15235 0.0
416.157589 0.0
416.163106 0.0
416.168295 0.0
416.173626 0.0
416.179288 0.0
416.184903 0.0
416.190204 0.0
416.19622 0.0
416.20142 0.0
416.206779 0.0
416.211972 0.0
416.218068 0.0
416.224134 0.0
416.230495 0.0
416.23582 0.0
416.241344 0.0
416.24644 0.0
416.251577 0.0
416.256026 0.0
416.262281 0.01609313309469534
416.268579 0.01609313309469534
416.274879 0.01609313309469534
416.279743 0.0
416.283786 0.0
416.287744 0.0
416.291812 0.0
416.295841 0.0
416.300024 0.0
416.304075 0.0
416.308242 0.0
416.312293 0.0
416.316247 0.0
416.320352 0.0
416.324357 0.0
416.328297 0.0
416.332635 0.0
416.336579 0.0
416.340815 0.0
416.344823 0.0
416.34877 0.0
416.352892 0.0
416.356795 0.0
416.360872 0.0
416.364795 0.0
416.368825 0.0
416.373382 0.0
416.377895 0.0
416.382505 0.0
416.386854 0.0
416.391677 0.0
416.395997 0.0
416.400366 0.0
416.404831 0.0
416.409666 0.0
416.414677 0.0
416.41917 0.0
416.423799 0.0
416.4286 0.0
416.433966 0.0
416.438449 0.0
416.442862 0.0
416.447414 0.0
416.451739 0.0
416.457269 0.0
416.462459 0.0
416.46824 0.0
416.472718 0.0
416.480244 0.0
416.485156 0.0
416.489985 0.0
416.494114 0.0
416.501828 0.0
416.506253 0.0
416.512874 0.0
416.517195 0.0
416.52148 0.0
416.525718 0.0
416.529977 0.0
416.53417 0.0
416.538145 0.0
416.542618 0.0
416.546741 0.0
416.550995 0.0
416.555133 0.0
416.559155 0.0
416.563562 0.0
416.568125 0.0
416.573406 0.0
416.577658 0.0
416.582917 0.0
416.587909 0.0
416.592962 0.0
416.599134 0.0
416.603361 0.0
416.60751 0.0
416.611553 0.0
416.615747 0.0
416.619761 0.0
416.629892 0.0
416.634309 0.0
416.638362 0.0
416.642522 0.0
416.646905 0.0
416.651441 0.0
416.656063 0.0
416.660396 0.0
416.664743 0.0
416.671369 0.0
416.676238 0.0
416.680269 0.0
416.684968 0.0
416.68946 0.0
416.693672 0.0
416.698062 0.0
416.70209 0.0
416.706548 0.0
416.710748 0.0
416.715252 0.0
416.719895 0.0
416.724247 0.0
416.728466 0.0
416.732745 0.0
416.737189 0.0
416.741183 0.0
416.745474 0.0
416.749895 0.0
416.753903 0.0
416.758088 0.0
416.762158 0.0
416.766367 0.0
416.770884 0.0
416.774873 0.0
416.779181 0.0
416.783193 0.0
416.787401 0.0
416.791578 0.0
416.795986 0.0
416.800312 0.0
416.804413 0.0
416.808519 0.0
416.812886 0.0
416.816878 0.0
416.821324 -0.007870280903059244
416.825302 -0.007870280903059244
416.829435 -0.007870280903059244
416.833662 -0.007870280903059244
416.83767 -0.007870280903059244
416.842269 0.0
416.846213 0.0
416.850409 0.0
416.854553 0.0
416.858617 0.0
416.8629 0.0
416.867092 0.0
416.871276 0.0
416.875654 0.0
416.879674 0.0
416.884641 0.0
416.888408 0.0
416.89202 0.0
416.895849 0.0
416.899524 0.0
416.903881 0.0
416.908297 0.0
416.912727 0.0
416.917755 0.0
416.921875 0.0
416.925862 0.0
416.929892 0.0
416.934561 0.0
416.939158 0.0
416.943203 0.0
416.947771 0.0
416.951988 0.0
416.956496 0.0
416.961157 0.0
416.966371 0.0
416.972121 0.0
416.977284 0.0
416.981746 0.0
416.986326 0.0
416.990792 0.0
416.995143 0.0
417.000443 0.0
417.005018 0.0
417.009434 0.0
417.013791 0.0
417.018432 0.0
417.022504 0.0
417.02675 0.0
417.0313 0.0
417.035635 0.0
417.040024 0.0
417.044243 0.0
417.048609 0.0
417.052893 0.0
417.057077 0.0
417.061264 0.0
417.065217 0.0
417.069489 0.0
417.073477 0.0
417.079239 0.0
417.084525 0.0
417.090151 0.0
417.095426 0.0
417.100917 0.0
417.105824 0.0
417.109942 0.0
417.114277 0.0
417.118454 0.0
417.122805 0.0
417.126968 0.0
417.131267 0.0
417.135247 0.0
417.139727 0.0
417.144507 0.0
417.14915 0.0
417.153764 0.0
417.158828 0.0
417.163849 0.0
417.168317 0.0
417.17319 0.0
417.177923 0.0
417.182939 0.0
417.187722 0.01609313309469534
417.192166 0.01609313309469534
417.196836 0.01609313309469534
417.202072 0.011213133094695347
417.207299 0.011213133094695347
417.211863 0.011213133094695347
417.216036 0.011213133094695347
417.220901 0.011213133094695347
417.226099 0.0
417.230114 0.0
417.234398 0.0
417.238383 0.0
417.242854 0.011213133094695347
417.246879 0.011213133094695347
417.250986 0.011213133094695347
417.255166 0.011213133094695347
417.259257 0.011213133094695347
417.26347 -0.007870280903059244
417.267527 -0.007870280903059244
417.271518 -0.007870280903059244
417.27575 -0.007870280903059244
417.279994 -0.007870280903059244
417.284513 -0.03228028090305929
417.28875 -0.03228028090305929
417.292992 -0.03228028090305929
417.297424 -0.08111028090305922
417.301635 -0.08111028090305922
417.30608 -0.08111028090305922
417.310235 -0.08111028090305922
417.314575 -0.07135028090305923
417.318616 -0.07135028090305923
417.322656 -0.07135028090305923
417.326814 -0.07135028090305923
417.330825 -0.07135028090305923
417.335112 0.0
417.3391 0.0
417.343137 0.0
417.34738 0.0
417.351344 0.0
417.355599 0.0
417.359568 0.0
417.363583 0.0
417.367818 0.0
417.37183 0.0
417.376483 0.020973133094695336
417.380595 0.020973133094695336
417.384872 0.020973133094695336
417.389417 0.025863133094695397
417.393725 0.025863133094695397
417.398015 0.025863133094695397
417.402198 0.025863133094695397
417.406202 0.025863133094695397
417.411308 0.0
417.415838 0.0
417.420388 0.0
417.424847 0.0
417.429028 0.0
417.43307 0.0
417.437342 0.0
417.441856 0.0
417.446118 0.0
417.450452 0.0
417.454555 0.0
417.458661 0.0
417.462758 0.0
417.466794 0.0
417.471426 0.011213133094695347
417.476038 0.011213133094695347
417.481033 0.011213133094695347
417.485022 0.011213133094695347
417.489628 0.030743133094695396
417.494181 0.030743133094695396
417.498402 0.030743133094695396
417.502774 0.0
417.506775 0.0
417.510773 0.0
417.515184 0.0
417.51919 0.0
417.523296 0.0
417.5273 0.0
417.531379 0.0
417.535471 0.0
417.539426 0.0
417.544019 0.0
417.547971 0.0
417.552044 0.0
417.55628 0.0
417.560569 0.0
417.565726 0.0
417.570775 0.0
417.576261 0.0
417.581293 0.0
417.586686 0.0
417.591844 0.0
417.597216 0.0
417.602243 0.0
417.607713 0.0
417.612876 0.0
417.618133 0.0
417.623318 0.0
417.628777 0.0
417.633885 0.0
417.639246 0.0
417.644325 0.0
417.64974 0.0
417.654867 0.0
417.660259 -0.007870280903059244
417.665557 -0.007870280903059244
417.671567 -0.007870280903059244
417.677423 0.0
417.683403 0.0
417.688989 0.0
417.695181 0.0
417.705404 0.0
417.710178 0.0
417.715251 0.0
417.720785 0.0
417.725539 0.0
417.72988 0.0
417.734447 0.0
417.739084 0.0
417.743367 0.0
417.747503 0.0
417.751743 0.0
417.75568 0.0
417.760163 0.0
417.764162 0.0
417.768286 0.0
417.772556 0.0
417.77666 0.0
417.781155 0.0
417.785146 0.0
417.789376 0.0
417.79356 0.0
417.797722 0.0
417.802374 0.0
417.806459 0.0
417.810557 0.0
417.814825 0.0
417.81879 0.0
417.823066 0.0
417.827076 0.0
417.831203 0.0
417.835407 0.0
417.839438 0.0
417.843649 0.0
417.847678 0.0
417.851816 0.0
417.855974 0.0
417.860027 0.0
417.864221 0.0
417.868301 0.0
417.872528 0.0
417.876846 0.0
417.881101 0.0
417.885438 0.0
417.889657 0.0
417.897424 0.0
417.902195 0.0
417.906852 0.0
417.911193 0.0
417.916251 0.0
417.920833 0.0
417.925459 0.0
417.929665 0.0
417.933991 0.0
417.938519 0.0
417.943446 0.0
417.948583 0.0
417.953743 0.0
417.958122 0.0
417.962623 0.0
417.967072 0.0
417.971554 0.0
417.976094 0.0
417.980605 0.0
417.984776 0.0
417.988738 0.0
417.993 0.0
417.99703 0.0
418.001389 0.0
418.005387 0.0
418.009428 0.0
418.013566 0.0
418.017751 0.0
418.021984 0.0
418.026017 0.0
418.029969 0.0
418.034169 0.0
418.038162 0.0
418.042454 0.0
418.046431 0.0
418.05043 0.0
418.054678 0.0
418.058646 0.0
418.062907 0.0
418.06695 0.0
418.071029 0.0
418.075325 0.0
418.079387 0.0
418.083436 0.0
418.087513 0.0
418.091509 0.0
418.095881 0.0
418.099855 0.0
418.104101 0.0
418.108267 0.0
418.112426 0.0
418.116731 0.0
418.121069 0.0
418.139714 0.0
418.143899 0.0
418.148124 0.0
418.154084 0.0
418.15874 0.0
418.164228 0.0
418.172233 0.0
418.177542 0.0
418.182018 0.0
418.186217 0.0
418.190322 0.0
418.194888 0.0
418.198902 0.0
418.202911 0.0
418.207227 0.0
418.211249 0.0
418.215579 0.0
418.219551 0.0
418.223848 0.0
418.228 0.0
418.23216 0.0
418.236763 0.0
418.2409 0.0
418.245482 0.0
418.249649 0.0
418.253832 0.0
418.258301 0.0
418.262479 0.0
418.266818 0.0
418.270777 0.0
418.274757 0.0
418.278745 0.0
418.282665 0.0
418.287117 0.0
418.291087 0.0
418.295057 0.0
418.29918 0.0
418.30315 0.0
418.307269 0.0
418.311245 0.0
418.315274 0.0
418.319464 0.0
418.323495 0.0
418.327819 0.0
418.331863 0.0
418.336017 0.0
418.340358 0.0
418.344422 0.0
418.348654 0.0
418.35271 0.0
418.356756 0.0
418.361716 0.0
418.365731 0.0
418.370036 0.0
418.373735 0.0
418.378591 0.0
418.382626 0.0
418.386748 0.0
418.391164 0.0
418.396531 0.0
418.402343 0.0
418.407806 0.0
418.413282 0.0
418.418403 0.0
418.424435 0.0
418.430753 0.0
418.436385 0.0
418.440357 0.0
418.444781 0.0
418.449197 0.0
418.453743 0.0
418.457737 0.0
418.461759 0.0
418.466121 0.0
418.470095 0.0
418.474488 0.0
418.478988 0.0
418.483126 0.0
418.487726 0.0
418.491791 0.0
418.496135 0.0
418.50054 0.0
418.504633 0.0
418.508933 0.0
418.513731 0.0
418.518339 0.0
418.5226 0.0
418.527271 0.0
418.531563 0.0
418.5361 0.0
418.540359 0.0
418.544424 0.0
418.548571 0.0
418.552529 0.0
418.556648 0.0
418.560642 0.0
418.564624 0.0
418.568794 0.0
418.572793 0.0
418.57696 0.0
418.581063 0.0
418.585307 0.0
418.589714 0.0
418.593993 0.0
418.598353 0.0
418.602605 0.0
418.606563 0.0
418.610814 0.0
418.614774 0.0
418.618788 0.0
418.622905 0.0
418.627261 0.0
418.631596 0.0
418.635574 0.0
418.639922 0.0
418.644098 0.0
418.648203 0.0
418.652432 0.0
418.656397 0.0
418.660385 0.0
418.664366 0.0
418.669621 0.0
418.674538 0.0
418.680917 0.0
418.685176 0.0
418.689874 0.0
418.694339 0.0
418.698632 0.0
418.703068 -0.0176402809030593
418.707215 -0.0176402809030593
418.711612 -0.0176402809030593
418.715776 -0.0176402809030593
418.720056 -0.0176402809030593
418.724519 -0.042050280903059345
418.72875 -0.042050280903059345
418.733133 -0.042050280903059345
418.737312 -0.042050280903059345
418.741583 -0.042050280903059345
418.746115 0.05515313309469544
418.750318 0.05515313309469544
418.754786 0.05515313309469544
418.758789 0.05515313309469544
418.763172 0.1821131330946954
418.767182 0.1821131330946954
418.771163 0.1821131330946954
418.77539 0.1821131330946954
418.779436 0.1821131330946954
418.78373 0.1821131330946954
418.787948 0.10886313309469536
418.79193 0.10886313309469536
418.796293 0.05515313309469544
418.800259 0.05515313309469544
418.804379 0.05515313309469544
418.80851 0.05515313309469544
418.812499 0.05515313309469544
418.816894 0.06492313309469527
418.82088 0.06492313309469527
418.825014 0.06492313309469527
418.829214 0.06492313309469527
418.833202 0.06492313309469527
418.837647 0.0
418.841654 0.0
418.846094 0.0
418.850519 0.0
418.854819 0.0
418.859299 -0.027400280903059293
418.86327 -0.027400280903059293
418.867754 -0.027400280903059293
418.872094 -0.027400280903059293
418.876829 -0.027400280903059293
418.881477 -0.10553028090305933
418.885506 -0.10553028090305933
418.889814 -0.10553028090305933
418.893802 -0.10553028090305933
418.898422 -0.11529028090305932
418.902745 -0.11529028090305932
418.90747 -0.11529028090305932
418.912553 -0.09088028090305927
418.916717 -0.09088028090305927
418.920951 -0.09088028090305927
418.925344 -0.09088028090305927
418.929828 -0.0518202809030594
418.93414 -0.0518202809030594
418.938381 -0.0518202809030594
418.942878 -0.0518202809030594
418.947149 -0.0518202809030594
418.951557 0.0
418.955554 0.0
418.959517 0.0
418.963609 0.0
418.96759 0.0
418.971843 0.0
418.975848 0.0
418.979831 0.0
418.98409 0.0
418.988139 0.0
418.992393 0.0
418.996397 0.0
419.000304 0.0
419.004403 0.0
419.008363 0.0
419.01257 0.0
419.016579 0.0
419.020557 0.0
419.024756 0.0
419.028748 0.0
419.032859 0.0
419.036896 0.0
419.040874 0.0
419.045017 0.0
419.048977 0.0
419.053071 0.0
419.057218 0.0
419.061271 0.0
419.065523 0.0
419.069526 0.0
419.073515 0.0
419.077578 0.0
419.081557 0.0
419.085914 -0.01275028090305924
419.090221 -0.01275028090305924
419.094784 -0.01275028090305924
419.09885 -0.01275028090305924
419.103025 -0.01275028090305924
419.107432 0.0
419.111545 0.0
419.115769 0.0
419.119794 0.0
419.123799 0.0
419.127917 0.0
419.132158 0.0
419.136744 0.0
419.141815 0.0
419.146166 0.0
419.150558 0.0
419.154795 0.0
419.159096 0.0
419.163359 0.0
419.167995 0.0
419.178482 0.011213133094695347
419.183794 0.011213133094695347
419.189251 0.011213133094695347
419.194287 0.011213133094695347
419.200099 0.0
419.205249 0.0
419.210834 0.0
419.21585 0.0
419.221313 0.0
419.226334 0.0
419.2319 0.0
419.237005 0.0
419.242373 0.0
419.247413 0.0
419.253005 0.0
419.258216 0.0
419.263609 0.0
419.268811 0.0
419.274139 0.0
419.278436 0.0
419.284754 0.0
419.2903 0.0
419.295771 0.0
419.300473 0.0
419.305221 0.0
419.309753 0.0
419.315375 0.0
419.320081 0.0
419.324502 0.0
419.328994 0.0
419.33375 0.0
419.338647 0.0
419.343899 0.0
419.349406 0.0
419.354759 0.0
419.360865 0.0
419.366999 0.0
419.373346 0.0
419.378549 0.0
419.384603 0.0
419.390017 0.0
419.395264 0.0
419.400651 0.0
419.405889 0.0
419.411563 0.0
419.417094 0.0
419.421377 0.0
419.42602 0.0
419.430196 0.0
419.434309 0.0
419.438387 0.0
419.442738 0.0
419.446837 0.0
419.450966 0.0
419.455177 0.0
419.459142 0.0
419.463528 0.0
419.467494 0.0
419.471626 0.0
419.475777 0.0
419.479748 0.0
419.484156 0.0
419.48857 0.0
419.49265 0.0
419.496877 0.0
419.501191 0.0
419.505451 0.0
419.509624 0.0
419.514013 0.0
419.518643 0.0
419.5229 0.0
419.527746 0.0
419.531745 0.0
419.536177 0.0
419.540476 0.0
419.545247 0.0
419.550175 0.0
419.554269 0.0
419.558568 0.0
419.562989 0.0
419.567181 0.0
419.571574 0.0
419.57558 0.0
419.580125 0.0
419.584141 0.0
419.588568 0.0
419.593097 0.0
419.597543 0.0
419.602677 0.0
419.606778 0.0
419.61166 0.0
419.616052 0.0
419.62112 0.0
419.625768 0.0
419.630487 0.0
419.63489 0.0
419.63897 0.0
419.643154 0.0
419.647207 0.0
419.651383 0.0
419.655524 0.0
419.659509 0.0
419.663725 0.0
419.667678 0.0
419.671957 0.0
419.676176 0.0
419.680182 0.0
419.684672 0.0
419.6888 0.0
419.693094 0.0
419.697225 0.0
419.701273 0.0
419.705424 0.0
419.709533 0.0
419.713641 0.0
419.717863 0.0
419.721855 0.0
419.726077 0.0
419.730191 0.0
419.734589 0.0
419.738817 0.0
419.742871 0.0
419.74717 0.0
419.751264 0.0
419.755411 0.0
419.759573 0.0
419.76356 0.0
419.767879 0.0
419.772105 0.0
419.776256 0.0
419.780465 0.0
419.784452 0.0
419.78897 0.0
419.793103 0.0
419.797259 0.0
419.801785 0.0
419.806522 0.0
419.810797 0.0
419.814862 0.0
419.819417 0.0
419.823958 0.0
419.828512 0.0
419.832901 0.0
419.837318 0.0
419.841354 0.0
419.845568 0.0
419.84982 0.0
419.854394 0.0
419.859213 0.0
419.864116 0.0
419.868427 0.0
419.872618 0.0
419.87678 0.0
419.881847 0.0
419.887347 0.0
419.89276 0.0
419.898068 0.0
419.903311 0.0
419.908685 0.0
419.913582 0.0
419.918071 0.0
419.922642 0.0
419.926668 0.0
419.931055 0.0
419.935069 0.0
419.939228 0.0
419.943266 0.0
419.946831 0.0
419.9509 0.0
419.955054 0.0
419.959005 0.0
419.963355 0.0
419.967293 0.0
419.971408 0.0
419.975517 0.0
419.979517 0.0
419.98365 0.0
419.987633 0.0
419.991759 0.0
419.995912 0.0
419.999903 0.0
420.004152 0.0
420.00818 0.0
420.012215 0.0
420.016516 0.0
420.020517 0.0
420.024743 0.0
420.02876 0.0
420.032686 0.0
420.037005 0.0
420.041082 0.0
420.04603 0.0
420.050264 0.0
420.054672 0.0
420.059539 0.0
420.064075 0.0
420.069171 0.0
420.073383 0.0
420.077759 0.0
420.082032 0.0
420.086685 0.0
420.092215 0.0
420.097036 0.0
420.101588 0.0
420.10597 0.0
420.110965 0.0
420.115161 0.0
420.119415 0.0
420.124337 0.0
420.129327 0.0
420.134838 0.0
420.139874 0.0
420.144667 0.0
420.149022 0.0
420.153898 0.0
420.15837 0.0
420.163051 0.0
420.167415 0.0
420.172014 0.0
420.176677 0.0
420.181023 0.0
420.185729 0.0
420.190021 0.0
420.194746 0.0
420.19909 0.0
420.203437 0.0
420.207966 0.0
420.212167 0.0
420.216834 0.0
420.221081 0.0
420.22619 0.0
420.231292 0.0
420.236685 0.0
420.241821 0.0
420.247298 0.0
420.252484 0.0
420.258111 0.0
420.263352 0.0
420.274003 0.0
420.279919 0.0
420.286052 0.0
420.291463 0.0
420.297267 0.0
420.303041 0.0
420.308661 0.0
420.313898 0.0
420.319364 0.0
420.32485 0.0
420.330905 0.0
420.337866 0.0
420.343261 0.0
420.349667 0.0
420.354833 0.0
420.359899 0.0
420.365257 0.0
420.370742 0.0
420.375781 0.0
420.381225 0.0
420.386353 0.0
420.392132 0.0
420.3973 0.0
420.40264 0.0
420.407754 0.0
420.413318 0.0
420.418386 0.0
420.424106 0.0
420.429265 0.0
420.434903 0.0
420.440141 0.0
420.445552 0.0
420.450758 0.0
420.456205 0.0
420.46138 0.0
420.466822 0.0
420.471912 0.0
420.47779 0.0
420.48296 0.0
420.488813 0.0
420.494228 0.0
420.499831 0.0
420.50578 0.0
420.511798 0.0
420.517278 0.0
420.522951 0.0
420.528768 0.0
420.533965 0.0
420.539454 0.0
420.54687 0.0
420.55945 0.0
420.564205 0.0
420.569071 0.0
420.574803 0.0
420.579011 0.0
420.583128 0.0
420.58707 0.0
420.591209 0.0
420.595264 0.0
420.599528 0.0
420.603505 0.0
420.607546 0.0
420.61175 0.0
420.615872 0.0
420.620275 0.0
420.624352 0.0
420.628387 0.0
420.632627 0.0
420.636616 0.0
420.640946 0.0
420.644891 0.0
420.648984 0.0
420.653143 0.0
420.657212 0.0
420.661389 0.0
420.665397 0.0
420.669483 0.0
420.673738 0.0
420.677805 0.0
420.681914 0.0
420.685987 0.0
420.689969 0.0
420.694368 0.0
420.698375 0.0
420.702503 0.0
420.706485 0.0
420.710648 0.0
420.715207 0.0
420.719269 0.0
420.723457 0.0
420.727844 0.0
420.734724 0.0
420.739128 0.0
420.743297 0.0
420.747447 0.0
420.751621 0.0
420.756312 0.0
420.760559 0.0
420.764856 0.0
420.76958 0.0
420.7739 0.0
420.778745 0.0
420.790558 0.0
420.797345 0.0
420.801087 0.0
420.805094 0.0
420.810769 0.0
420.816151 0.0
420.821381 0.0
420.826767 0.0
420.832275 0.01609313309469534
420.837386 0.01609313309469534
420.842848 0.01609313309469534
420.848152 0.01609313309469534
420.853611 0.0
420.858974 0.0
420.86431 0.0
420.869649 0.0
420.875155 -0.01275028090305924
420.88043 -0.01275028090305924
420.88615 -0.022520280903059294
420.891389 -0.022520280903059294
420.897023 -0.022520280903059294
420.902375 -0.022520280903059294
420.907782 0.0
420.912967 0.0
420.918317 0.0
420.923983 -0.03717028090305935
420.928025 -0.03717028090305935
420.932024 -0.03717028090305935
420.936494 -0.03717028090305935
420.940859 -0.03717028090305935
420.945436 -0.027400280903059293
420.9494 -0.027400280903059293
420.953434 -0.027400280903059293
420.962481 -0.027400280903059293
420.969437 -0.01275028090305924
420.973535 -0.01275028090305924
420.978048 0.0
420.982239 0.0
420.986664 0.0
420.990748 0.0
420.994747 0.0
420.999162 0.0
421.003675 0.0
421.008756 0.0
421.013829 0.0
421.018726 0.011213133094695347
421.022873 0.011213133094695347
421.027191 0.011213133094695347
421.031631 0.011213133094695347
421.035829 0.011213133094695347
421.040448 0.0
421.044661 0.0
421.049037 0.0
421.053252 0.0
421.057419 0.0
421.062027 0.0
421.066242 0.0
421.070715 0.0
421.074863 0.0
421.079114 0.0
421.08342 0.0
421.087823 0.0
421.09231 0.0
421.097281 0.0
421.102667 0.0
421.10774 0.0
421.113151 0.0
421.118263 0.0
421.12357 0.0
421.12875 0.0
421.134212 0.0
421.139364 0.0
421.14465 0.0
421.149868 0.0
421.155257 0.0
421.160318 0.0
421.165631 0.0
421.170883 0.0
421.176338 0.0
421.185844 0.0
421.193684 0.0
421.198149 0.0
421.202401 0.0
421.206959 0.0
421.211229 0.0
421.215532 0.0
421.219591 0.0
421.223642 0.0
421.22787 0.0
421.231956 0.0
421.241063 0.0
421.249307 0.0
421.253096 0.0
421.25678 0.0
421.261189 0.0
421.265285 0.0
421.26931 0.0
421.27342 0.0
421.27744 0.0
421.281533 0.0
421.285779 0.0
421.289793 0.0
421.293961 0.0
421.298051 0.0
421.30216 0.0
421.306593 0.0
421.310557 0.0
421.314763 0.0
421.318793 0.0
421.322758 0.0
421.327111 0.0
421.331128 0.0
421.335303 0.0
421.339352 0.0
421.343416 0.0
421.347608 0.0
421.351638 0.0
421.355778 0.0
421.359809 0.0
421.36381 0.0
421.368088 0.0
421.372129 0.0
421.376569 0.0
421.38084 0.0
421.385113 0.0
421.389571 0.0
421.393899 0.0
421.398637 0.0
421.403203 0.0
421.407629 0.0
421.411984 0.0
421.416544 0.0
421.4239 0.0
421.429457 0.0
421.43403 0.0
421.440514 0.0
421.445838 0.0
421.456855 0.0
421.461499 0.0
421.468158 0.0
421.475649 0.0
421.480241 0.0
421.484497 0.0
421.488834 0.0
421.493001 0.0
421.498373 0.0
421.503916 0.0
421.509727 0.0
421.51577 0.0
421.52011 0.0
421.524057 0.0
421.528259 0.0
421.532471 0.0
421.536839 0.0
421.541011 0.0
421.545144 0.0
421.549392 0.0
421.553563 0.0
421.55786 0.0
421.562026 0.0
421.566368 0.0
421.571519 0.0
421.575564 0.0
421.579763 0.0
421.585182 0.0
421.589879 0.0
421.595246 0.0
421.600843 0.0
421.60662 0.0
421.61198 0.0
421.616175 0.0
421.620417 0.0
421.624543 0.0
421.628592 0.0
421.632903 0.0
421.637016 0.0
421.641195 0.0
421.645204 0.0
421.649345 0.0
421.654305 0.0
421.658196 0.0
421.662435 0.0
421.666192 0.0
421.669784 0.0
421.673396 0.0
421.677265 0.0
421.682803 0.0
421.687455 0.0
421.691826 0.0
421.696317 0.0
421.700591 0.0
421.706166 0.0
421.71201 0.0
421.718713 0.0
421.724767 0.0
421.730474 0.0
421.736064 0.0
421.741296 0.0
421.746749 0.0
421.751878 0.0
421.757285 0.0
421.762496 0.0
421.767986 0.0
421.773256 0.0
421.778738 0.0
421.783862 0.0
421.789253 0.0
421.794316 0.0
421.799899 0.0
421.805189 0.0
421.810738 0.0
421.815803 0.0
421.821379 0.0
421.826515 0.0
421.832125 0.0
421.837259 0.0
421.842776 0.0
421.84781 0.0
421.853337 0.0
421.858463 0.0
421.863875 0.0
421.869051 0.0
421.874494 0.0
421.879969 0.0
421.885394 0.0
421.890661 0.0
421.896358 0.0
421.901859 0.0
421.906162 0.0
421.910389 0.0
421.914735 0.0
421.919079 0.0
421.924739 0.0
421.929764 0.0
421.948772 0.0
421.954091 0.0
421.958928 0.0
421.963101 0.0
421.968002 0.0
421.97241 0.0
421.97687 0.0
421.981162 0.0
421.985408 0.0
421.990027 0.0
421.994275 0.0
421.998776 0.0
422.003109 0.0
422.007735 0.0
422.012121 0.0
422.016318 0.0
422.020814 0.0
422.025014 0.0
422.030002 -0.007870280903059244
422.036105 -0.007870280903059244
422.042017 -0.007870280903059244
422.046212 -0.007870280903059244
422.051824 -0.007870280903059244
422.058547 -0.007870280903059244
422.06317 -0.0176402809030593
422.067432 -0.0176402809030593
422.071892 -0.0176402809030593
422.077531 -0.0176402809030593
422.083525 0.0
422.087535 0.0
422.091743 0.0
422.09591 0.0
422.100013 0.0
422.10465 0.1283931330946954
422.108655 0.1283931330946954
422.112756 0.1283931330946954
422.116908 0.1283931330946954
422.120887 0.1283931330946954
422.125579 0.13816313309469525
422.129973 0.13816313309469525
422.135256 0.07957313309469533
422.139433 0.07957313309469533
422.143398 0.07957313309469533
422.148265 0.07957313309469533
422.15257 0.07957313309469533
422.1573 0.07957313309469533
422.161421 0.07957313309469533
422.16541 0.07957313309469533
422.169763 0.07957313309469533
422.173764 0.07957313309469533
422.178043 0.07957313309469533
422.183051 0.0
422.187476 0.0
422.192406 0.0
422.197006 0.0
422.202049 0.0
422.20704 0.0
422.211869 -0.09576028090305927
422.216119 -0.09576028090305927
422.220456 -0.09576028090305927
422.22475 -0.09576028090305927
422.229001 -0.09576028090305927
422.233571 -0.11041028090305932
422.2378 -0.11041028090305932
422.242243 -0.11041028090305932
422.246292 -0.11041028090305932
422.250287 -0.11041028090305932
422.254601 -0.08111028090305922
422.258795 -0.08111028090305922
422.26318 -0.0567002809030594
422.267457 -0.0567002809030594
422.271557 -0.0567002809030594
422.276025 -0.0567002809030594
422.280165 -0.0567002809030594
422.28452 -0.0567002809030594
422.288681 -0.0567002809030594
422.292862 -0.0567002809030594
422.297168 -0.027400280903059293
422.301419 -0.027400280903059293
422.305776 -0.007870280903059244
422.30975 -0.007870280903059244
422.313657 -0.007870280903059244
422.317818 -0.007870280903059244
422.321798 -0.007870280903059244
422.326064 0.0
422.329992 0.0
422.333912 0.0
422.338252 0.0
422.342226 0.0
422.346578 0.0
422.350542 0.0
422.354591 0.0
422.358911 0.0
422.362992 0.0
422.367322 0.0
422.371439 0.0
422.375494 0.0
422.379791 0.0
422.383972 0.0
422.388363 0.0
422.392851 0.0
422.39997 0.0
422.405452 0.0
422.410208 0.0
422.416239 0.0
422.421634 0.0
422.426754 0.0
422.431676 0.0
422.436133 0.0
422.443603 0.0
422.448249 0.0
422.453375 0.0
422.458566 0.0
422.465643 0.0
422.473104 0.0
422.479278 0.0
422.483809 0.0
422.487825 0.0
422.492229 0.0
422.496491 0.0
422.50072 0.0
422.505009 0.0
422.509388 0.0
422.513558 0.0
422.517734 0.0
422.521772 0.0
422.526131 0.0
422.53027 0.0
422.534557 0.0
422.538739 0.0
422.54312 0.0
422.54742 0.0
422.551564 0.0
422.556246 0.0
422.560596 0.0
422.564881 0.0
422.568856 0.0
422.572833 0.0
422.577141 0.0
422.581128 0.0
422.585482 0.0
422.589535 0.0
422.593531 0.0
422.597756 0.0
422.60175 0.0
422.605978 0.0
422.609971 0.0
422.613951 0.0
422.618224 0.0
422.6222 0.0
422.626593 0.0
422.630638 0.0
422.634727 0.0
422.639056 0.0
422.643095 0.0
422.647216 0.0
422.651261 0.0
422.655318 0.0
422.659506 0.0
422.664299 0.0
422.669934 0.0
422.674537 0.0
422.679488 0.0
422.683858 0.0
422.689241 0.0
422.69435 0.0
422.699891 0.0
422.705122 0.0
422.710796 0.0
422.716447 0.0
422.72288 0.0
422.729074 0.0
422.734741 0.0
422.740742 0.0
422.746241 0.0
422.75149 0.0
422.755716 0.0
422.759724 0.0
422.764039 0.0
422.768 0.0
422.773089 0.0
422.777303 0.0
422.782277 0.0
422.787715 0.0
422.79285 0.0
422.798289 0.0
422.803675 0.011213133094695347
422.808876 0.011213133094695347
422.814368 0.011213133094695347
422.819653 0.011213133094695347
422.825108 0.0
422.830258 0.0
422.835494 0.0
422.839841 0.0
422.843975 0.0
422.848412 0.0
422.852375 0.0
422.856669 0.0
422.860788 0.0
422.864744 0.0
422.869021 0.0
422.872988 0.0
422.877253 0.0
422.881413 0.0
422.885384 0.0
422.889519 0.0
422.89353 0.0
422.898188 0.0
422.902592 0.0
422.907237 0.0
422.912565 0.0
422.917281 0.0
422.921813 0.0
422.926088 0.0
422.931528 0.0
422.935641 0.0
422.939751 0.0
422.943883 0.0
422.947907 0.0
422.952433 0.0
422.957159 0.0
422.96245 0.0
422.967444 0.0
422.971998 0.0
422.976589 0.0
422.981011 0.0
422.985645 0.0
422.990026 0.0
422.995404 0.0
423.000758 0.0
423.006028 0.0
423.011255 0.0
423.017023 0.0
423.0222 0.0
423.027891 0.0
423.033139 0.0
423.038632 0.0
423.043912 0.0
423.05476 0.0
423.059815 0.0
423.065377 0.0
423.070609 0.0
423.076103 0.0
423.081251 0.0
423.086859 0.0
423.091887 0.0
423.09735 0.0
423.102543 0.0
423.10822 0.0
423.113355 0.0
423.118878 0.0
423.124246 0.0
423.130453 0.0
423.136545 0.0
423.141896 0.0
423.147873 0.0
423.153786 0.0
423.159634 0.0
423.164849 0.0
423.170318 0.0
423.176169 0.0
423.182775 0.0
423.18909 0.0
423.194481 0.0
423.200129 0.0
423.205367 0.0
423.21118 0.0
423.216927 0.0
423.221583 0.0
423.22589 0.0
