361.900146 0.0
361.904213 0.0
361.908144 0.0
361.912399 0.0
361.91634 0.0
361.92048 0.0
361.92455 0.0
361.928524 0.0
361.933291 0.0
361.937278 0.0
361.9416 0.0
361.94576 0.0
361.949723 0.0
361.953894 0.0
361.957883 0.0
361.962077 0.0
361.966164 0.0
361.975742 0.0
361.979746 0.0
361.983752 0.0
361.987956 0.0
361.991974 0.0
361.996138 0.0
362.000223 0.0
362.004194 0.0
362.008384 0.0
362.012419 0.0
362.016751 0.0
362.021173 0.0
362.025409 0.0
362.03013 0.0
362.034871 0.0
362.040083 0.0
362.044308 0.0
362.049282 0.0
362.053503 0.0
362.05787 0.0
362.062092 0.0
362.066173 0.0
362.071917 0.0
362.078145 0.0
362.084435 0.0
362.090116 0.0
362.095626 0.0
362.10097 0.0
362.106278 0.0
362.111497 0.0
362.116811 0.0
362.121905 0.0
362.127318 0.0
362.132595 0.0
362.137893 0.0
362.14314 0.0
362.148577 0.0
362.153868 0.0
362.159238 0.0
362.16439 0.0
362.169746 0.0
362.175228 0.0
362.180673 0.0
362.186163 0.0
362.191513 0.0
362.195655 0.0
362.199713 0.0
362.203836 0.0
362.207855 0.0
362.211825 0.0
362.215997 0.0
362.219977 0.0
362.224151 0.0
362.228647 0.0
362.232858 0.0
362.237262 0.0
362.241246 0.0
362.245544 0.0
362.249762 0.0
362.254126 0.0
362.258511 0.0
362.262675 0.0
362.266912 0.0
362.270953 0.0
362.278225 0.0
362.287279 0.030743133094695396
362.292673 0.030743133094695396
362.297602 0.0
362.302145 0.0
362.307007 0.0
362.31163 0.0
362.316508 -0.0567002809030594
362.321381 -0.0567002809030594
362.325993 -0.0567002809030594
362.330158 -0.0567002809030594
362.33533 -0.0567002809030594
362.340155 -0.06646028090305939
362.344582 -0.06646028090305939
362.348907 -0.06646028090305939
362.353069 -0.06646028090305939
362.357714 0.0
362.361893 0.0
362.366217 0.0
362.370285 0.0
362.374306 0.0
362.378573 0.0
362.382631 0.0
362.386904 0.0
362.39125 0.0
362.395205 0.0
362.399638 0.0
362.4036 0.0
362.407743 0.0
362.41188 0.0
362.415905 0.0
362.420209 0.0
362.424396 0.0
362.428418 0.0
362.432796 0.0
362.436895 0.0
362.441205 0.0
362.445467 0.0
362.449777 0.0
362.454363 0.0
362.458477 0.0
362.46278 0.0
362.466888 0.0
362.471157 0.0
362.475356 0.0
362.479556 0.0
362.483827 0.0
362.488372 0.0
362.492581 0.0
362.498024 0.0
362.503006 0.0
362.510523 0.0
362.51563 0.0
362.51987 0.0
362.523912 0.0
362.528047 0.0
362.532237 0.0
362.536353 0.0
362.540355 0.0
362.545131 0.0
362.549165 0.0
362.553144 0.0
362.557546 0.0
362.561523 0.0
362.566206 0.0
362.570227 0.0
362.574621 0.0
362.578743 0.0
362.582791 0.0
362.587507 0.0
362.591516 0.0
362.595494 0.0
362.599605 0.0
362.603506 0.0
362.607903 0.0
362.611943 0.0
362.61605 0.0
362.620116 0.0
362.624433 0.0
362.628714 0.0
362.632753 0.0
362.637077 0.0
362.641187 0.0
362.645201 0.0
362.649345 0.0
362.653436 0.0
362.657665 0.0
362.662194 0.0
362.666632 0.0
362.671515 0.0
362.675562 0.0
362.679787 0.0
362.684036 0.0
362.68844 0.0
362.692964 0.0
362.697047 0.0
362.701445 0.0
362.70563 0.0
362.709863 0.0
362.714444 0.0
362.719228 0.0
362.724491 0.0
362.728629 0.0
362.732818 0.0
362.737079 0.0
362.741271 0.0
362.745446 0.0
362.749396 0.0
362.75367 0.0
362.757751 0.0
362.761995 0.0
362.766156 0.0
362.770318 0.0
362.77457 0.0
362.778741 0.0
362.782832 0.0
362.78698 0.0
362.790973 0.0
362.795255 0.0
362.799356 0.0
362.803527 0.0
362.807547 0.0
362.811625 0.0
362.815828 0.0
362.820033 0.0
362.824141 0.0
362.828135 0.0
362.832244 0.0
362.836485 0.0
362.840546 0.0
362.844756 0.0
362.848785 0.0
362.852922 0.0
362.857205 0.0
362.861259 0.0
362.865492 0.0
362.869504 0.0
362.873681 0.0
362.878453 0.0
362.883151 0.0
362.887745 0.0
362.891741 0.0
362.896145 0.0
362.900431 0.0
362.90474 0.0
362.909087 0.0
362.913189 0.0
362.917552 0.0
362.922381 0.0
362.92778 0.0
362.935207 0.0
362.941379 0.0
362.947778 0.0
362.95317 0.0
362.957664 0.0
362.962298 0.0
362.966719 0.0
362.971641 0.0
362.976076 0.0
362.981101 0.0
362.985492 0.0
362.990248 0.0
362.994746 0.0
362.999603 0.0
363.004031 0.0
363.008278 0.0
363.012711 0.0
363.016955 0.0
363.021979 0.0
363.026332 0.0
363.031527 0.0
363.036353 0.0
363.040636 0.0
363.045521 0.0
363.049908 0.0
363.059765 0.0
363.064031 0.0
363.068728 0.0
363.072898 0.0
363.076987 0.0
363.081398 0.0
363.085455 0.0
363.089744 0.0
363.093831 0.0
363.098141 0.0
363.103005 0.0
363.107233 0.0
363.111744 0.0
363.115751 0.0
363.120381 0.0
363.125528 0.0
363.130257 0.0
363.135541 0.0
363.141114 0.0
363.147228 0.0
363.153375 0.0
363.159252 0.0
363.164824 0.0
363.170285 0.0
363.175441 0.0
363.180882 0.0
363.186255 0.0
363.191633 0.0
363.196859 0.0
363.201461 0.0
363.205474 0.0
363.209668 0.0
363.213838 0.0
363.218025 0.0
363.22199 0.0
363.226023 0.0
363.230089 0.0
363.234389 0.0
363.238387 0.0
363.242382 0.0
363.246442 0.0
363.250499 0.0
363.254679 0.0
363.258625 0.0
363.263297 0.0
363.267549 0.0
363.272036 0.0
363.276466 0.0
363.281102 0.0
363.285561 0.0
363.290035 0.0
363.294754 0.0
363.299168 0.0
363.304275 0.0
363.309678 0.0
363.314543 0.0
363.319022 0.0
363.32337 0.0
363.32811 0.0
363.332204 0.0
363.336514 0.0
363.340595 0.0
363.345459 0.0
363.350279 -0.01275028090305924
363.355484 -0.01275028090305924
363.360911 -0.01275028090305924
363.365261 -0.01275028090305924
363.370336 -0.03717028090305935
363.374535 -0.03717028090305935
363.379126 0.0
363.383301 0.0
363.387544 0.0
363.391881 0.0
363.395981 0.0
363.400646 0.11375313309469542
363.404785 0.11375313309469542
363.408766 0.11375313309469542
363.412989 0.11375313309469542
363.416975 0.11375313309469542
363.421307 0.14304313309469524
363.425602 0.14304313309469524
363.429642 0.14304313309469524
363.433888 0.14304313309469524
363.438111 0.14304313309469524
363.442916 0.09910313309469537
363.447182 0.09910313309469537
363.451777 0.09910313309469537
363.456343 0.09910313309469537
363.460623 0.09910313309469537
363.465362 0.05515313309469544
363.469616 0.05515313309469544
363.473933 0.05515313309469544
363.478395 0.05515313309469544
363.482868 0.050273133094695444
363.487397 0.050273133094695444
363.491603 0.050273133094695444
363.496423 0.0
363.500771 0.0
363.505376 0.0
363.51011 0.0
363.515128 -0.08600028090305928
363.519981 -0.08600028090305928
363.52431 -0.08600028090305928
363.528744 -0.08600028090305928
363.533474 -0.08600028090305928
363.538435 -0.14459028090305942
363.542819 -0.14459028090305942
363.547762 -0.14459028090305942
363.551921 -0.14459028090305942
363.55657 -0.10553028090305933
363.561468 -0.10553028090305933
363.566827 -0.10553028090305933
363.571734 -0.10553028090305933
363.576065 -0.10553028090305933
363.580859 -0.07623028090305922
363.585537 -0.07623028090305922
363.59012 -0.04693028090305934
363.59466 -0.04693028090305934
363.598908 -0.04693028090305934
363.603833 -0.04693028090305934
363.60788 -0.04693028090305934
363.612291 0.0
363.616437 0.0
363.620629 0.0
363.624852 0.0
363.628911 0.0
363.633139 0.0
363.637455 0.0
363.641562 0.0
363.645752 0.0
363.649709 0.0
363.653802 0.0
363.657982 0.0
363.661977 0.0
363.666212 0.0
363.670195 0.0
363.674482 0.0
363.678743 0.0
363.682838 0.0
363.687066 0.0
363.691059 0.0
363.695196 0.0
363.699286 0.0
363.70357 0.0
363.707655 0.0
363.711834 0.0
363.716503 0.0
363.72108 0.0
363.725265 0.0
363.729548 0.0
363.733845 0.0
363.738125 0.0
363.74235 0.0
363.746646 0.0
363.751047 0.0
363.755419 0.0
363.759918 0.0
363.765199 0.0
363.76943 0.0
363.773612 0.0
363.77787 0.0
363.782067 0.0
363.786379 0.011213133094695347
363.790406 0.011213133094695347
363.79453 0.011213133094695347
363.79867 0.0
363.803075 0.0
363.807297 0.0
363.811367 0.0
363.815575 0.0
363.81998 0.0
363.824259 0.0
363.828376 0.0
363.83246 0.0
363.836569 0.0
363.840789 0.0
363.844832 0.0
363.848991 0.0
363.853061 0.0
363.857138 0.0
363.861386 0.0
363.865349 0.0
363.869574 0.0
363.873641 0.0
363.877743 0.0
363.881981 0.0
363.885965 0.0
363.890383 0.0
363.894378 0.0
363.898531 0.0
363.903018 0.0
363.907061 0.0
363.911495 0.0
363.915673 0.0
363.920463 0.0
363.925162 0.0
363.929498 0.0
363.933783 0.0
363.937815 0.0
363.942413 0.0
363.946658 0.0
363.950889 0.0
363.955724 0.0
363.959755 0.0
363.964007 0.0
363.968167 0.0
363.973979 0.0
363.981903 0.0
363.987901 0.0
363.993032 0.0
363.997833 0.0
364.002277 0.0
364.007037 0.0
364.011365 0.0
364.016081 0.0
364.020397 0.0
364.024674 0.0
364.029155 0.0
364.033512 0.0
364.037955 0.0
364.042191 0.0
364.046793 0.0
364.050997 0.0
364.055456 0.0
364.059885 0.0
364.06413 0.0
364.068724 0.0
364.072901 0.0
364.077594 0.0
364.081827 0.0
364.086284 0.0
364.090754 0.0
364.094996 0.0
364.099863 0.0
364.104007 0.0
364.108322 0.0
364.112391 0.0
364.116423 0.0
364.126022 0.0
364.130415 0.0
364.13475 0.0
364.139519 0.0
364.143633 0.0
364.147602 0.0
364.152374 0.0
364.156577 0.0
364.161165 0.0
364.165226 0.0
364.172004 0.0
364.181656 0.0
364.188161 0.0
364.194462 0.0
364.200405 0.0
364.207129 0.0
364.213332 0.0
364.219365 0.0
364.225486 0.0
364.231801 0.0
364.238397 0.0
364.244921 0.0
364.251166 0.0
364.257884 0.0
364.263777 0.0
364.269576 0.0
364.27562 0.0
364.281439 0.0
364.286387 0.0
364.291132 0.0
364.295622 0.0
364.300091 0.0
364.304429 0.0
364.30934 0.0
364.315134 0.0
364.324338 0.0
364.329829 0.0
364.333893 0.0
364.338814 0.0
364.34347 0.0
364.347924 0.0
364.352506 0.0
364.357177 0.0
364.361455 0.0
364.366529 0.0
